wavenumber (1/cm)	n	k
0.	4.437958700459639	0.
0.16673831542129636	4.437958700459639	0.
0.3334766308425927	4.437958700459639	0.
0.5002149462638891	1.461982127814355	1.0904861465940578
0.6669532616851854	2.811008070196018	0.502637714506378
0.8336915771064818	4.437958700459639	0.
1.0004298925277781	2.8008042843895047	0.43417307065447547
1.1671682079490746	2.584258783626543	0.4829410891732029
1.3339065233703709	4.221413199696677	0.04876801851872739
1.5006448387916673	4.437958700459639	0.
1.6673831542129636	4.437958700459639	0.
1.83412146963426	4.437958700459639	0.
2.0008597850555563	3.924600859841206	0.2843439926265438
2.167598100476853	3.6794102499544397	0.37902870096172214
2.334336415898149	3.968681386963678	0.1837501850751566
2.501074731319446	4.092626408642189	0.22531963249326714
2.6678130467407417	4.218720760852042	0.49409356314875386
2.834551362162038	4.015233770070137	0.6126558542814262
3.0012896775833346	3.892316031424664	0.4083690598219988
3.168027993004631	4.050422458446022	0.26979179479487475
3.334766308425927	4.161050736744332	0.23722278908901062
3.501504623847224	4.2294808000731825	0.2935922915870863
3.66824293926852	4.1818929857182665	0.39112206927543725
3.8349812546898163	4.091302146504147	0.38816856619660955
4.001719570111113	4.1088251959138695	0.29773157531773503
4.168457885532409	4.228326100962963	0.2806879301354229
4.335196200953706	4.319636472126778	0.40290718507649936
4.501934516375002	4.195485628583333	0.4850656773484935
4.668672831796298	4.072341460499839	0.3867208539170255
4.835411147217595	4.131354621388275	0.2697338849364685
5.002149462638892	4.213900495989486	0.2462825715347805
5.168887778060187	4.240742560777706	0.3807462877535327
5.335626093481483	4.100520227269338	0.3848584356138639
5.50236440890278	4.0153598668782005	0.2125799394497899
5.669102724324076	4.103165281111901	0.1412392469032085
5.835841039745373	4.185199828199686	0.15982435200265305
6.002579355166669	4.174005295515263	0.23168441385599206
6.169317670587965	4.119886005294557	0.23242896097399562
6.336055986009262	4.118864236507703	0.18445083707195503
6.5027943014305585	4.142348041585706	0.1630704891221444
6.669532616851854	4.1664199750755735	0.15663089034906008
6.836270932273151	4.187948920920958	0.15901198008425332
7.003009247694448	4.205623668378321	0.18315481790377047
7.1697475631157435	4.170884986655141	0.20835613453030913
7.33648587853704	4.134046115208531	0.16900116388663405
7.503224193958337	4.1671546819661245	0.11810394242980049
7.669962509379633	4.22098005003604	0.11588960705183862
7.836700824800929	4.250819181551799	0.17124135655150097
8.003439140222225	4.1920586229906	0.20175797338452967
8.170177455643522	4.150565759214734	0.1466978805041264
8.336915771064819	4.194802809453077	0.1090177157764257
8.503654086486113	4.237975085546622	0.12374528283993785
8.670392401907412	4.240948271104734	0.18660365790600525
8.837130717328707	4.1720857543614995	0.19414239727881202
9.003869032750003	4.146645410702892	0.12413305720437817
9.1706073481713	4.193919308168743	0.09442079234429632
9.337345663592597	4.233835676166615	0.11265061652556412
9.504083979013892	4.222147622019289	0.16654797456788883
9.67082229443519	4.173257488251695	0.15962015778270022
9.837560609856485	4.1773154729100686	0.1052103121506223
10.004298925277784	4.214124136937315	0.09777091174802385
10.171037240699079	4.236607704565086	0.11901628049196761
10.337775556120373	4.219161829606287	0.15129169708510892
10.504513871541672	4.185273894684185	0.14004800140238513
10.671252186962967	4.189671640814595	0.10399207594344403
10.837990502384264	4.217872699847204	0.093679549735421
11.00472881780556	4.2408337248572465	0.11733755098925998
11.171467133226857	4.210879272595836	0.1405280070341498
11.338205448648152	4.1829410103942966	0.11544545169974092
11.50494376406945	4.205179306113844	0.08945355430824972
11.671682079490745	4.22759725732496	0.09584246475383257
11.838420394912042	4.226672713542053	0.12061571364271531
12.005158710333339	4.200560791421872	0.12109903914122548
12.171897025754635	4.195287890649558	0.09458592120593667
12.33863534117593	4.214898453991623	0.08530188668638065
12.505373656597229	4.2273555992353185	0.09832024430842917
12.672111972018524	4.212404104292036	0.11272855587316237
12.83885028743982	4.1955895737340665	0.09821153159659995
13.005588602861117	4.207051653647895	0.07860339781864231
13.172326918282414	4.223481442870961	0.08224747594186631
13.339065233703709	4.2232027711624855	0.09566459224746218
13.505803549125007	4.209855945714629	0.0958707305083103
13.672541864546302	4.207440565398943	0.0818627009415839
13.839280179967597	4.218619197914063	0.07404931931833472
14.006018495388895	4.229944248797354	0.08054853474158333
14.17275681081019	4.224344074942663	0.0935209444473052
14.339495126231487	4.21049853354554	0.08825724305802281
14.506233441652784	4.213727569871405	0.07298415176194047
14.67297175707408	4.2276325734116	0.07090976487326814
14.839710072495375	4.23296811041726	0.08374889435936772
15.006448387916674	4.219165835767704	0.08931017134890168
15.173186703337969	4.211979175922553	0.07529990721455365
15.339925018759265	4.222858324869067	0.06631141832902437
15.506663334180562	4.232335192173702	0.07100115740708667
15.673401649601859	4.230273000811152	0.08109340773244575
15.840139965023154	4.218755398943779	0.07995879494820451
16.00687828044445	4.217182495512466	0.06745661652694515
16.17361659586575	4.228220362546436	0.06109537018877613
16.340354911287044	4.238330941097234	0.06977678415225688
16.50709322670834	4.228875919756016	0.08179747638557985
16.673831542129637	4.215983084869359	0.07336267872683967
16.840569857550935	4.222561300070994	0.05989273818407635
17.007308172972227	4.23482949113777	0.061059213865200225
17.174046488393525	4.2376888846621865	0.07386406746428101
17.340784803814824	4.223672203125196	0.07835296310241827
17.507523119236115	4.216982862113254	0.06489357785381501
17.674261434657414	4.227863904312165	0.05621251481359178
17.840999750078712	4.237941392743338	0.0630626296944295
18.007738065500007	4.23197379899693	0.07443344365254834
18.174476380921302	4.219892306904125	0.06970244021141461
18.3412146963426	4.222286215670031	0.057636270588134364
18.507953011763895	4.23180249729168	0.05538805814212387
18.674691327185194	4.2373012830062775	0.06322342884660495
18.84142964260649	4.228200111907005	0.0698238938998165
19.008167958027784	4.220282744673144	0.06049698807858461
19.174906273449082	4.228374974855844	0.05077449373903374
19.34164458887038	4.238205383302611	0.0551202709319565
19.508382904291672	4.235556004957141	0.06513880035681291
19.67512121971297	4.225386834782084	0.06337576276951488
19.84185953513427	4.225568785527752	0.05341537472568757
20.008597850555567	4.233093839357677	0.050393396861035014
20.17533616597686	4.238740087936315	0.055529089233148664
20.342074481398157	4.233545957030207	0.06279529091283498
20.508812796819456	4.225240622151531	0.05771293393041545
20.675551112240747	4.228887231958779	0.0481898495541102
20.842289427662045	4.237939749741973	0.048515462748788526
21.009027743083344	4.24004475942739	0.05737270404778728
21.17576605850464	4.230646528872496	0.06035220561584349
21.342504373925934	4.226377064097821	0.05108827346814235
21.509242689347232	4.233778411587352	0.044915861854181074
21.675981004768527	4.241779371340371	0.04942018280231586
21.842719320189826	4.237557641621916	0.059136788811621994
22.00945763561112	4.227181344994375	0.055081565692967585
22.176195951032415	4.230081301001772	0.04380554194308614
22.342934266453714	4.239818071015875	0.04377900728377722
22.509672581875012	4.241979266537365	0.0521280283048689
22.676410897296304	4.233816272465091	0.05478187836683962
22.843149212717602	4.230316072929045	0.046738053173835475
23.0098875281389	4.236224465316449	0.04174147014670747
23.176625843560196	4.242479775321204	0.043862018611264694
23.34336415898149	4.242396664427455	0.051107510813059476
23.51010247440279	4.234327806802794	0.05125090630440506
23.676840789824084	4.233080098369545	0.04248469036429879
23.84357910524538	4.241218359386098	0.039110487226328344
24.010317420666677	4.246410904211615	0.04583174173400874
24.177055736087972	4.239560666199317	0.05140812141843317
24.34379405150927	4.233655919272513	0.04470606450453166
24.510532366930565	4.239306375026036	0.03842485479647848
24.67727068235186	4.245372057126441	0.04090904278910715
24.84400899777316	4.244965082073544	0.04689714373828637
25.010747313194457	4.238794696946618	0.04725930872250973
25.17748562861575	4.237400665148371	0.04101379508266441
25.344223944037047	4.242462105612928	0.037533140882989396
25.510962259458346	4.2478607687732515	0.04062241317188367
25.67770057487964	4.245241244681193	0.04728105392234904
25.844438890300935	4.238149576858446	0.044613368126633565
26.011177205722234	4.240063371346098	0.03672591891266349
26.17791552114353	4.247504149141417	0.036502165174390325
26.344653836564827	4.2493817545142525	0.04346473058155399
26.511392151986122	4.24226013275265	0.045448910740839316
26.678130467407417	4.239731047863975	0.038153748609019454
26.844868782828716	4.245703260741072	0.0344709103263144
27.011607098250014	4.250419841676834	0.037786872294698876
27.178345413671305	4.248220602477044	0.04298347207332456
27.345083729092604	4.242709717847884	0.04088813141738988
27.511822044513902	4.2439279705554736	0.03478357756542159
27.678560359935194	4.249636231094685	0.03363179196934982
27.845298675356492	4.252826559740184	0.038609815388624624
28.01203699077779	4.247522851789871	0.04242158994617415
28.178775306199086	4.243249915865461	0.03699608292052574
28.34551362162038	4.247977701754712	0.031741329172781385
28.51225193704168	4.253851387352112	0.03435695679943197
28.678990252462974	4.252152091289933	0.04075440569979953
28.845728567884272	4.245611618778289	0.039092660110030056
29.012466883305567	4.246703425967808	0.03220974451914629
29.179205198726862	4.252537655759716	0.03152636523187603
29.34594351414816	4.254748858798775	0.03595839888058831
29.51268182956946	4.250596316363978	0.03846310961271105
29.67942014499075	4.2477825386565495	0.03412290380020825
29.84615846041205	4.251288511192259	0.03032495580718156
30.012896775833347	4.255629071459091	0.031490111318857976
30.179635091254642	4.25585703195121	0.03579305976637909
30.346373406675937	4.251380153558282	0.03585796428603299
30.513111722097236	4.250974584697985	0.030732053873809964
30.67985003751853	4.25579448754488	0.028608558684645916
30.846588352939825	4.259487574011854	0.03203254503708252
31.013326668361124	4.256296052718392	0.03600145152259718
31.18006498378242	4.252333036750135	0.032383991081057634
31.346803299203717	4.255667816302182	0.02748932789326236
31.513541614625012	4.26093537087585	0.028773447580972243
31.680279930046307	4.260993114083278	0.03387803814234499
31.847018245467606	4.25605932174596	0.03367738993013035
32.0137565608889	4.256181159738419	0.028297236794154048
32.1804948763102	4.261055869769374	0.02708522403712356
32.3472331917315	4.263632098622432	0.03053818873121679
32.51397150715279	4.260637360713938	0.033231112769437576
32.68070982257409	4.257980144908471	0.029870963785191603
32.847448137995386	4.261018328934508	0.026312781044401542
33.01418645341668	4.265206574045489	0.02735755105593937
33.180924768837976	4.265543643040858	0.03141212044175744
33.347663084259274	4.261602122098184	0.0314196402255561
33.51440139968057	4.261617504420413	0.026807907056941
33.68113971510187	4.266203765670234	0.025330464460281383
33.84787803052316	4.269138801586992	0.028590732610354053
34.014616345944454	4.266347015612717	0.03131117683815241
34.18135466136575	4.2639940205766695	0.027848027761502463
34.34809297678705	4.267556281487385	0.024427640107975768
34.51483129220835	4.2717414316190645	0.0259218537497937
34.68156960762965	4.271682134204935	0.029531119947089474
34.848307923050946	4.268707891776066	0.028798442593882895
35.01504623847223	4.269846412132734	0.024965679980151638
35.18178455389353	4.273978756741739	0.024349559346243617
35.34852286931483	4.276320011654834	0.02711629682414024
35.515261184736126	4.274347081819053	0.028941570632425806
35.681999500157424	4.273198478062247	0.02608822346131781
35.84873781557872	4.276539223472495	0.023538444070392996
36.015476131000014	4.280526718298036	0.025093780351702136
36.18221444642131	4.280156974814726	0.02861318072751874
36.348952761842604	4.277496199610684	0.027150177445877752
36.5156910772639	4.279703713033838	0.02311006622798688
36.6824293926852	4.284798251159831	0.023379169027134286
36.8491677081065	4.286237603881308	0.02725921899803537
37.01590602352779	4.283659514322543	0.02719450207370975
37.18264433894909	4.285049215150849	0.023062583032348108
37.34938265437039	4.290423789586116	0.022560888797998033
37.51612096979168	4.293034829335065	0.025754068124650656
37.68285928521298	4.291934942339811	0.026452905018723615
37.849597600634276	4.293368610234971	0.02347303172337742
38.01633591605557	4.298295543746742	0.022724826489414582
38.183074231476866	4.301685480491436	0.024656081886297466
38.349812546898164	4.302919842986007	0.025406730802190754
38.51655086231946	4.305377994547564	0.023998599595547426
38.68328917774076	4.309970692086475	0.023238197376444718
38.85002749316205	4.314838033951856	0.02376236684070758
39.016765808583344	4.3192728070417505	0.024781845061080932
39.18350412400464	4.323300851959455	0.02503887193491867
39.35024243942594	4.329179186725029	0.02360126867201849
39.51698075484724	4.338172224952247	0.023562885344302585
39.68371907026854	4.346703241750966	0.026232938294816564
39.850457385689836	4.354985756908528	0.025682500451693725
40.017195701111135	4.369694953414172	0.024697794308790676
40.18393401653242	4.389180509062188	0.027361587613301055
40.35067233195372	4.412001557996776	0.033487120493809794
40.517410647375016	4.439452616990248	0.04368608898282619
40.684148962796314	4.4707525088698965	0.05640640422424345
40.85088727821761	4.346643846050152	0.07090656634026823
41.01762559363891	4.225996243997862	0.08531590205942531
41.1843639090602	4.267950245702522	0.10049762366299694
41.351102224481494	4.313687029526985	0.11649856482638767
41.51784053990279	4.191476360518142	0.13309809107540344
41.68457885532409	4.045049018245838	0.12356642909575338
41.85131717074539	4.058069046314619	0.09088325129651656
42.01805548616669	4.083821362522063	0.06710719053312547
42.18479380158798	4.107305070805109	0.05071190245320353
42.35153211700928	4.1282939069998505	0.039547759210804015
42.518270432430576	4.1497833820950225	0.03139996653969619
42.68500874785187	4.161173522405505	0.027504727632297617
42.851747063273166	4.174126749326426	0.025960736646337197
43.018485378694464	4.182316004138337	0.025504112218113557
43.185223694115756	4.189448813482107	0.022889820733531192
43.351962009537054	4.197650980510177	0.021509133675592037
43.51870032495835	4.203691515371037	0.022276250651008467
43.68543864037965	4.207567804344722	0.022058389137518855
43.85217695580095	4.211678796653196	0.020917571424493096
44.01891527122224	4.215982446744986	0.02050483152308637
44.18565358664353	4.219391264370504	0.020455661531646213
44.35239190206483	4.222405380506279	0.020271329793887495
44.51913021748613	4.225015709946607	0.020132088523312917
44.68586853290743	4.2273209410836206	0.019691031442289595
44.852606848328726	4.230018514797504	0.019006696137543803
45.019345163750025	4.2329392475316165	0.01935026285723013
45.18608347917131	4.2342962547643594	0.0201349649716193
45.35282179459261	4.2351934553981545	0.019312132444368753
45.519560110013906	4.2377471673204115	0.01803382264013545
45.686298425435204	4.240803155390937	0.01878568241338572
45.8530367408565	4.24139948326803	0.020326368228378806
46.0197750562778	4.2412574233300875	0.019308775419142422
46.18651337169909	4.243564460840416	0.017589886698289738
46.35325168712039	4.246577968288305	0.018304301068516528
46.51999000254168	4.247057237937126	0.020106633807947246
46.68672831796298	4.246397975047788	0.01926016831047158
46.85346663338428	4.248234331165938	0.01737334782134286
47.02020494880558	4.251011316069108	0.01773964312444036
47.18694326422687	4.251783935558758	0.019384078840330513
47.35368157964817	4.251035459257399	0.019008523606223876
47.520419895069466	4.252232239911802	0.01719393645622632
47.68715821049076	4.254705983135814	0.017071164129560265
47.853896525912056	4.255946526170217	0.018390393769471165
48.020634841333354	4.25537990371809	0.0187360768786125
48.187373156754646	4.255751527476482	0.017225142305243184
48.354111472175944	4.257782172591929	0.01649097583650133
48.52084978759724	4.259503307870584	0.01726688911881169
48.68758810301854	4.259564219649299	0.01829991847505144
48.85432641843984	4.259200800112294	0.0175055612172416
49.02106473386113	4.2605672236480245	0.016264172078673488
49.18780304928242	4.262561879589463	0.01647129985951523
49.35454136470372	4.263304690252457	0.01780481594642925
49.52127968012502	4.262536515549028	0.017797131457945328
49.68801799554632	4.263143659871011	0.016243724233362695
49.854756310967616	4.265231679057122	0.015822726231950027
50.021494626388915	4.26662526089145	0.017001296733216445
50.188232941810206	4.266064521830607	0.017756847217040718
50.3549712572315	4.265966680533421	0.016433986898407506
50.521709572652796	4.267807268170549	0.015515437617030102
50.688447888074094	4.269540589707719	0.016299306812568658
50.85518620349539	4.269561297845191	0.01750815378060458
51.02192451891669	4.2689365208908825	0.016867960432547603
51.18866283433798	4.270057717816362	0.01559117469074126
51.35540114975928	4.2718031944536055	0.01569424771866402
51.52213946518057	4.272563157050214	0.016741796387386664
51.68887778060187	4.272004637621839	0.016918919520052523
51.85561609602317	4.272316586065493	0.015712819509933168
52.02235441144447	4.273858472857748	0.01521014054882604
52.18909272686576	4.275085752517571	0.01586642348133755
52.35583104228706	4.2749606048090225	0.016571563041900383
52.522569357708356	4.2747368250039415	0.01574240784212342
52.689307673129655	4.275990604769534	0.014792045432771279
52.856045988550946	4.2775916387866975	0.01509884393757168
53.022784303972244	4.278047893927139	0.016218974095237267
53.189522619393536	4.277405536248632	0.01607099550635084
53.356260934814834	4.278076820546106	0.01481710326646316
53.52299925023613	4.279804884431967	0.014673020982511928
53.68973756565743	4.280807649739792	0.015726261184707734
53.85647588107873	4.280307287142229	0.01627192127195297
54.02321419650003	4.280328380786292	0.015221739276410472
54.18995251192131	4.281783806986011	0.0146414565195993
54.35669082734261	4.283014533697632	0.015254759986609792
54.52342914276391	4.283041003835707	0.016021012738388005
54.69016745818521	4.282758643411412	0.015452437227613264
54.856905773606506	4.283749505969965	0.014563821972649762
55.023644089027805	4.285097799827	0.014654664671012363
55.1903824044491	4.285742153731695	0.015384131640905359
55.35712071987039	4.285445043927748	0.015453371974481808
55.523859035291686	4.285834555074145	0.01451202899321052
55.690597350712984	4.287137131506477	0.01412121163768781
55.85733566613428	4.28819286671837	0.014639804844124624
56.02407398155558	4.288138533941767	0.015167267265859052
56.19081229697688	4.288066845912039	0.014429135537617767
56.35755061239817	4.289206772657423	0.01368112201034765
56.52428892781947	4.290511057391064	0.013962566308743107
56.69102724324076	4.290866937309062	0.014743628010490822
56.85776555866206	4.2905556057625756	0.014484953184222644
57.02450387408336	4.291317479338195	0.013598245681223947
57.191242189504656	4.292612244722432	0.01364964729058472
57.35798050492595	4.293202253006051	0.014297331674621116
57.524718820347246	4.2930271936235505	0.014300268250661632
57.691457135768545	4.293553943459326	0.013481168153040683
57.858195451189836	4.2948078210608385	0.01331760486516208
58.024933766611134	4.295639960000068	0.013774074549011348
58.19167208203243	4.295774944197113	0.01404135834503694
58.358410397453724	4.296050335377448	0.013489180542685572
58.52514871287502	4.297126068007113	0.01307627385945662
58.69188702829632	4.29817636106132	0.013293281407417746
58.85862534371762	4.298689039105365	0.013767955297457694
59.02536365913892	4.298733015782895	0.013637949807202385
59.19210197456021	4.299426725805659	0.01300707888779315
59.3588402899815	4.300583642934737	0.01291614233006988
59.5255786054028	4.301384716876122	0.013384758985218655
59.6923169208241	4.3014271500873065	0.01357278773688429
59.859055236245396	4.301806412937701	0.012927445719962419
60.025793551666695	4.302944297137953	0.012654493828645974
60.19253186708799	4.303782820587866	0.013049288252862461
60.359270182509285	4.3038938288552995	0.013278494468713117
60.526008497930576	4.304174215107657	0.012675691419697818
60.692746813351874	4.3052918986503075	0.012294066528046228
60.85948512877317	4.30619454617705	0.012628352112764848
61.02622344419447	4.306466817843835	0.012897313823453993
61.19296175961577	4.306713238902807	0.012472206614848231
61.35970007503706	4.307710574460879	0.012015624868152469
61.52643839045836	4.308705731760456	0.01221691187722688
61.69317670587965	4.3092632314322366	0.012503463693299927
61.85991502130095	4.309585961329713	0.01245361669732448
62.02665333672225	4.310264796747257	0.01209688135976161
62.193391652143546	4.311208367401305	0.012094229287354973
62.36012996756484	4.311937957443723	0.012303126219477316
62.526868282986136	4.312380430320674	0.012455230444668494
62.693606598407435	4.312837272725753	0.012206990663164288
62.86034491382873	4.313716281975199	0.01200183869448509
63.027083229250024	4.314547333776082	0.012159339997665226
63.19382154467132	4.315005637703562	0.012361629806251492
63.360559860092614	4.31535029571711	0.012080858549695005
63.52729817551391	4.316258007409459	0.011692908927040656
63.69403649093521	4.317238691863835	0.011868122239903574
63.86077480635651	4.317699249117426	0.012176374207736181
64.0275131217778	4.317915322253109	0.01192549249921598
64.1942514371991	4.3187583862471035	0.011389713317686576
64.3609897526204	4.319829326704748	0.011490049273176173
64.5277280680417	4.3203800871853595	0.011761317354794684
64.694466383463	4.32070639585307	0.011609287836525548
64.86120469888428	4.321467390426978	0.011176311454306259
65.02794301430558	4.322494242588766	0.011223062750249594
65.19468132972688	4.323060074460708	0.011421605852286881
65.36141964514817	4.323523608692828	0.011249680697515078
65.52815796056947	4.324334563024097	0.010929761106289265
65.69489627599077	4.325338680961567	0.010976042032291081
65.86163459141206	4.3259513152303715	0.011175415400186307
66.02837290683335	4.326470120707636	0.011048398992028564
66.19511122225465	4.327249194786448	0.010787057488100969
66.36184953767595	4.328227397380748	0.010751227553583835
66.52858785309725	4.328966452158273	0.01092512557030069
66.69532616851855	4.329556418641825	0.010881090122465468
66.86206448393985	4.330287300337815	0.010679573587995133
67.02880279936115	4.3312223680669995	0.010556505045596819
67.19554111478244	4.332066842126022	0.010688176000732724
67.36227943020374	4.332679311054733	0.01067093385001826
67.52901774562503	4.333434549736321	0.010457026380296278
67.69575606104632	4.334412433570828	0.010361806464050164
67.86249437646761	4.335302579450705	0.010580623488696728
68.02923269188891	4.335781425743871	0.010686343082593199
68.1959710073102	4.336382464514882	0.010343462072388041
68.3627093227315	4.337479781837727	0.010077677196603393
68.5294476381528	4.338566800305428	0.010352751508865197
68.6961859535741	4.3390407717319395	0.010646534543248314
68.8629242689954	4.339511447919307	0.010303741949045158
69.0296625844167	4.340647591238351	0.009921673263571715
69.196400899838	4.341883417416816	0.010219268055765146
69.3631392152593	4.3424242158510795	0.010663590182992051
69.5298775306806	4.342850291328741	0.010434533921322046
69.69661584610189	4.34391901760492	0.01007485170323761
69.86335416152319	4.345143242322898	0.010328592380211042
70.03009247694446	4.3457458686036965	0.010764953825643412
70.19683079236576	4.346214046076636	0.010552238287406316
70.36356910778706	4.347329307279516	0.010219956389535895
70.53030742320836	4.348587067637883	0.010525688750620654
70.69704573862965	4.349271040362715	0.011044292726773559
70.86378405405095	4.349697848602533	0.011116262031156607
71.03052236947225	4.350399530387584	0.010941266529514021
71.19726068489355	4.351294107913529	0.01094903081382396
71.36399900031485	4.3519993847597345	0.011189558547589547
71.53073731573615	4.352239736810851	0.011220889783632268
71.69747563115745	4.352618873447838	0.010532325264400575
71.86421394657874	4.3538554959376246	0.00983051979124444
72.03095226200003	4.355202877450683	0.009970120488730257
72.19769057742133	4.355789323255056	0.01016567185273071
72.36442889284262	4.356437682893473	0.009676036238488237
72.53116720826391	4.357796774046701	0.009280291336029391
72.69790552368521	4.359091162861629	0.009626190528272134
72.8646438391065	4.359621409075606	0.009952147437398858
73.0313821545278	4.360182129892234	0.00953789628796994
73.1981204699491	4.36147695399237	0.009137225878028093
73.3648587853704	4.362779573160996	0.0094666577014288
73.5315971007917	4.363320758047099	0.009830856036590948
73.698335416213	4.363855249809711	0.009390800267801725
73.8650737316343	4.365210475826473	0.008905306516849667
74.03181204705558	4.366630244799319	0.009220942786617083
74.19855036247688	4.3672346747549495	0.009607607381211934
74.36528867789818	4.3678238364409205	0.00914787001275267
74.53202699331948	4.369251998173333	0.008670445032647255
74.69876530874078	4.370683215048369	0.009013103048029035
74.86550362416207	4.371247975630964	0.009347459200387659
75.03224193958336	4.37192003065082	0.008698256930616589
75.19898025500466	4.373629330574785	0.00816237260799723
75.36571857042595	4.375213141015893	0.00868496710695447
75.53245688584725	4.375712700072217	0.0091151011339995
75.69919520126855	4.376351337747736	0.008369743327114817
75.86593351668985	4.378214307380398	0.00776315650471524
76.03267183211113	4.379930302048085	0.008437324178536324
76.19941014753243	4.380380100099931	0.009026912912132392
76.36614846295373	4.380912219737817	0.008315775921746805
76.53288677837503	4.3827549609109075	0.007649794027307456
76.69962509379633	4.384555997473202	0.008317897277307477
76.86636340921763	4.385071751873163	0.008975001536065952
77.03310172463893	4.385602316142874	0.008368764635176178
77.19984004006022	4.38736795635193	0.007747301199809056
77.36657835548152	4.389135452521468	0.008367132460477425
77.53331667090282	4.389688419472688	0.009007483400074935
77.7000549863241	4.390223495305027	0.008403141608936043
77.8667933017454	4.3920103691312455	0.007727577968121702
78.03353161716669	4.393876451809717	0.008302606085233368
78.20026993258799	4.394540983023078	0.00893186522133165
78.36700824800928	4.395224285527268	0.008375780235073129
78.53374656343058	4.3970854544471685	0.00782494074704148
78.70048487885188	4.398912299130218	0.008438650402241094
78.86722319427318	4.399598194259376	0.008948149253428721
79.03396150969448	4.400469325587977	0.008319620505631958
79.20069982511578	4.402449388174036	0.00785738870185286
79.36743814053708	4.404191508812827	0.008472527017176362
79.53417645595837	4.404854314400653	0.008688871550470312
79.70091477137967	4.406116252610657	0.007868420776783017
79.86765308680097	4.408432522062148	0.007710690324523255
80.03439140222227	4.409992149280745	0.00860075914117812
80.20112971764354	4.410565421159024	0.008560277215346104
80.36786803306484	4.412225333644959	0.007633024582789923
80.53460634848614	4.414783545415979	0.007852000469992924
80.70134466390743	4.416076088800555	0.008913527229885428
80.86808297932873	4.4166482716459186	0.008581001491966452
81.03482129475003	4.418643580256695	0.007649821781325925
81.20155961017133	4.421222523163908	0.008183915384108896
81.36829792559263	4.422253576955486	0.009152393732364926
81.53503624101393	4.423130872191194	0.008481826936190753
81.70177455643523	4.425624030077243	0.007755181185543726
81.86851287185652	4.428099291643525	0.008649487141483564
82.03525118727782	4.428952875544677	0.009170261839761516
82.2019895026991	4.43059052843604	0.008177786740349068
82.3687278181204	4.433665068114971	0.008046690889675554
82.5354661335417	4.435660523929098	0.009279041755496119
82.70220444896299	4.4366577562351495	0.008962822745583174
82.86894276438429	4.4394232863494	0.00799267364170446
83.03568107980558	4.442774151675563	0.008832726656746587
83.20241939522688	4.444133858388893	0.009734079040162859
83.36915771064818	4.44623008342875	0.00863910102839512
83.53589602606948	4.450223817194841	0.008453587029735962
83.70263434149078	4.452994031100555	0.010045316930360829
83.86937265691208	4.454666176808433	0.009798661878603183
84.03611097233338	4.4583356831162195	0.008932838532486574
84.20284928775466	4.462436632839145	0.010006444098879276
84.36958760317596	4.46495243786569	0.010728700063549167
84.53632591859726	4.468383192586181	0.010337189815323838
84.70306423401856	4.472645811884588	0.010867199952514232
84.86980254943985	4.4762834790557795	0.011433361040312427
85.03654086486115	4.480586015097927	0.011796871722339824
85.20327918028244	4.485715804410466	0.01286186496497597
85.37001749570373	4.488289461455021	0.013452234902515636
85.53675581112503	4.493069737617609	0.0134600517768748
85.70349412654633	4.498337671036301	0.014714619410674994
85.87023244196763	4.50286636954819	0.016013652033423635
86.03697075738893	4.507994475246787	0.016794973346649592
86.20370907281021	4.514133233186074	0.01771639531326124
86.37044738823151	4.521787527009022	0.019167244138085814
86.53718570365281	4.530992248959127	0.02186049231862843
86.70392401907411	4.541144913376729	0.025434089805129595
86.8706623344954	4.551740456585796	0.02867236725501883
87.0374006499167	4.561822428221131	0.030646210710168802
87.204138965338	4.571338562412906	0.031813363656409396
87.3708772807593	4.581139299768928	0.034169251156274734
87.5376155961806	4.593569350082275	0.04102760218463335
87.7043539116019	4.542028090844498	0.0460056816331679
87.87109222702318	4.490307285985457	0.04264820469073817
88.03783054244448	4.5028219517232735	0.04085708818480947
88.20456885786577	4.505432593468488	0.05587909742587043
88.37130717328706	4.498669749141896	0.055791113300427256
88.53804548870836	4.499702517236626	0.04054640498982374
88.70478380412966	4.509674008869871	0.04293770811522898
88.87152211955096	4.502454293138202	0.048448400848540636
89.03826043497226	4.495337524670781	0.04436524704588407
89.20499875039356	4.506168267274887	0.039642090899353576
89.37173706581486	4.52603210443654	0.04938632757518968
89.53847538123615	4.480300042945511	0.048458620864814735
89.70521369665745	4.427319883993329	0.03692043034767104
89.87195201207875	4.443613896629419	0.037852854730914993
90.03869032750005	4.395274809737535	0.037242314262028633
90.20542864292133	4.345594390361648	0.029382862605950133
90.37216695834262	4.361088601677001	0.022672944564033886
90.53890527376392	4.3759980654901405	0.018796761026333327
90.70564358918521	4.3904704731396045	0.015675792987598802
90.87238190460651	4.4043017354011536	0.012426106040127331
91.03912022002781	4.415661705836045	0.009819702340570405
91.20585853544911	4.425815922261626	0.008170607583939974
91.37259685087041	4.434649474891063	0.007949063065717901
91.5393351662917	4.441758456181082	0.007525721826724934
91.706073481713	4.449136075713438	0.007412992438441597
91.8728117971343	4.454631450747623	0.007496457748454489
92.0395501125556	4.46077645325372	0.0066491725306366285
92.20628842797689	4.466722504110834	0.00760125204583257
92.37302674339819	4.470913916890514	0.0070824238826005855
92.53976505881948	4.476472210147054	0.006199485056419617
92.70650337424078	4.480755742711926	0.007053608193276332
92.87324168966207	4.484426002957244	0.005925461441122885
93.03998000508336	4.489632115613919	0.005397328932925934
93.20671832050466	4.492696179290589	0.006647265728422539
93.37345663592596	4.495554559721157	0.005369058961348162
93.54019495134726	4.500419907380273	0.0048615186073577305
93.70693326676856	4.503312302256897	0.006608529446508524
93.87367158218986	4.50526749468891	0.005723301138844752
94.04040989761116	4.509362611149736	0.004900058005786004
94.20714821303244	4.512572053038317	0.006531358298930582
94.37388652845374	4.514006677201707	0.006234325772248892
94.54062484387504	4.517368681459994	0.005191784823403961
94.70736315929634	4.521005555480105	0.006339421724523872
94.87410147471763	4.522502840138262	0.006546309644703166
95.04083979013893	4.525523006912156	0.00551125387028667
95.20757810556023	4.529418644974346	0.006268546206906268
95.37431642098151	4.531000288652814	0.0069690835256601
95.54105473640281	4.53361613235073	0.005904604883877512
95.70779305182411	4.5376047003336275	0.006159559178375811
95.87453136724541	4.539386761681204	0.007361740869166999
96.04126968266671	4.5413222029683435	0.006038630779696111
96.208007998088	4.545393313212706	0.005277100740251955
96.37474631350929	4.548151044431137	0.006722571994204448
96.54148462893059	4.5496749066522	0.006014779548220332
96.70822294435189	4.553182154086086	0.004996784418534423
96.87496125977319	4.556426657481649	0.006270776405104462
97.04169957519449	4.557661605389281	0.0062003868771176385
97.20843789061578	4.560483537351882	0.005074491566636293
97.37517620603708	4.563946429484837	0.005814534098319038
97.54191452145838	4.565019080529212	0.006206890334211233
97.70865283687968	4.567425063866132	0.0048447155504311315
97.87539115230098	4.57133219139487	0.005096797741521742
98.04212946772226	4.572814524666655	0.006485378011868369
98.20886778314355	4.574425272017043	0.005464333366098388
98.37560609856484	4.578024781593877	0.005088905739683816
98.54234441398614	4.58034705132774	0.006835829049487588
98.70908272940744	4.58115803693458	0.006549861198709537
98.87582104482874	4.583973815718169	0.005450971399346382
99.04255936025004	4.587315737764197	0.006417420732494822
99.20929767567134	4.588560686882548	0.006839723293151965
99.37603599109264	4.59109567111383	0.005797758540884527
99.54277430651393	4.59482234856477	0.006224059360392845
99.70951262193523	4.59664168784941	0.00701562047067774
99.87625093735653	4.599146129021446	0.006232966853383853
100.04298925277783	4.6029226698084855	0.006413547505726058
100.20972756819913	4.605014152337082	0.007176299119163237
100.37646588362041	4.607700731734247	0.0061988860045104795
100.5432041990417	4.611793831015121	0.006193903495796562
100.709942514463	4.613930763173124	0.007296711935888829
100.8766808298843	4.616118676162365	0.006048485128273575
101.04341914530559	4.6202968427665505	0.005357185025043092
101.21015746072689	4.623056773178245	0.006542695642567344
101.37689577614819	4.625231678357869	0.005739877739183401
101.54363409156949	4.629091507055575	0.005155664290444275
101.71037240699079	4.631770376335613	0.006291627851273143
101.87711072241208	4.633900160512164	0.005639549528498341
102.04384903783338	4.637568777102572	0.005293285464626955
102.21058735325468	4.640073470969927	0.006721780451909165
102.37732566867597	4.641693578648479	0.005961444523429702
102.54406398409726	4.645453189962707	0.005127681667309624
102.71080229951856	4.648851246331487	0.006640513772755366
102.87754061493986	4.6507390623286495	0.006755028059386086
103.04427893036114	4.654226957197421	0.00629442485630447
103.21101724578244	4.657760804867047	0.0073825778359797685
103.37775556120374	4.660544678181241	0.007555272128567785
103.54449387662504	4.664398078401257	0.007603218177584133
103.71123219204634	4.6675833838547085	0.00860369870441296
103.87797050746764	4.670380579989385	0.008013100470200048
104.04470882288894	4.674631833437353	0.007428665480736476
104.21144713831023	4.678049311848966	0.008029893215047164
104.37818545373152	4.68111619892657	0.007079507620000373
104.54492376915282	4.685508680488884	0.006406634776552105
104.71166208457412	4.688584838137003	0.006530373739996978
104.87840039999541	4.692257637226487	0.005463765214025133
105.04513871541671	4.6969467821780535	0.005841301278055317
105.21187703083801	4.699385637226108	0.006347845367161481
105.37861534625931	4.703037582892904	0.005466700727814301
105.5453536616806	4.707673492166871	0.006266882582130458
105.71209197710189	4.71106699612774	0.006782601112095865
105.87883029252319	4.715608420048492	0.006935273903770914
106.04556860794449	4.719841803771379	0.008052825644511104
106.21230692336579	4.724246028324637	0.007887822593936347
106.37904523878707	4.729742532150285	0.00812471494114521
106.54578355420837	4.7343244349688565	0.008363061680730264
106.71252186962967	4.73930266634305	0.007962141725704072
106.87926018505097	4.743735896568474	0.008225023032248174
107.04599850047227	4.74804725322379	0.007298251047287594
107.21273681589356	4.75341124530515	0.007085960370176409
107.37947513131486	4.757748570553536	0.007585597610341615
107.54621344673616	4.762439827413922	0.0077817450763843984
107.71295176215746	4.767101418692045	0.008939231671723755
107.87969007757876	4.771843184207	0.009390724984039754
108.04642839300006	4.777864411206321	0.009938794506802781
108.21316670842134	4.7843353514671465	0.010208925231353114
108.37990502384262	4.79127687723418	0.010001985334734493
108.54664333926392	4.7977604424703815	0.009180175067233759
108.71338165468522	4.804462643058196	0.008282631660178934
108.88011997010652	4.810949857089534	0.007909587133296236
109.04685828552782	4.817757180713625	0.008086582099508056
109.21359660094912	4.8251000159733	0.00939004335053338
109.38033491637042	4.832803795857592	0.011195469222360567
109.54707323179171	4.84190539080807	0.01282404475171374
109.71381154721301	4.851531660505595	0.013227954341889437
109.88054986263431	4.860964361463948	0.012477307877838833
110.04728817805561	4.869505114161965	0.012126344579586265
110.21402649347691	4.878163373597168	0.013706916642405764
110.3807648088982	4.889027975306805	0.017262669077737394
110.54750312431949	4.903651434402894	0.01954257156143825
110.71424143974077	4.917746345435859	0.01827407885623154
110.88097975516207	4.927883849607895	0.018081640310374257
111.04771807058337	4.937193960789816	0.024072428376035515
111.21445638600467	4.957873579575406	0.02878826283698951
111.38119470142597	4.9780129210299595	0.02566270075208084
111.54793301684727	4.985927522318977	0.024273631221136405
111.71467133226857	4.985116730654357	0.03638492698785699
111.88140964768986	4.97841592371313	0.03624214036897312
112.04814796311116	4.979151682760534	0.024158080606486013
112.21488627853246	4.984245155787178	0.025365323247060964
112.38162459395376	4.98117120366163	0.029100746823296365
112.54836290937504	4.977089525724509	0.02698482278911621
112.71510122479634	4.980576978660322	0.024113394398223284
112.88183954021764	4.982761023396915	0.029225465357634223
113.04857785563894	4.9779231703501345	0.03057584636604988
113.21531617106022	4.975465498817495	0.025391521529018288
113.38205448648152	4.979688978911691	0.02487003443909733
113.54879280190282	4.977886394707127	0.029950449896401887
113.71553111732412	4.972741382563046	0.029143786843784228
113.88226943274542	4.973433453314588	0.02429303788104984
114.04900774816672	4.975228686486958	0.027076116476746275
114.21574606358801	4.971236319441452	0.028571024040978762
114.38248437900931	4.969042792242961	0.025231177012462618
114.5492226944306	4.973103528964239	0.025123202815105897
114.7159610098519	4.971021014184108	0.03166670754560599
114.8826993252732	4.9658040091552955	0.030276795324403763
115.04943764069449	4.968040373595045	0.02246857519803853
115.21617595611579	4.974117710281355	0.02294496198367662
115.38291427153709	4.967406783137017	0.030297020734101624
115.54965258695839	4.960095240094047	0.02847031238645225
115.71639090237967	4.965842700188944	0.020562594644453196
115.88312921780097	4.972649134280948	0.02293182352658642
116.04986753322227	4.963730711346564	0.02900561819865196
116.21660584864357	4.95526078024052	0.026768164619279125
116.38334416406487	4.9624328516807585	0.02071868980286832
116.55008247948615	4.96801725117639	0.021713721555386006
116.71682079490745	4.967573393924658	0.028025706573636722
116.88355911032875	4.961916261869375	0.02829321628588726
117.05029742575005	4.96039249720039	0.022658597797905383
117.21703574117134	4.962652501904466	0.022099405627090764
117.38377405659264	4.963141447866873	0.02479559003493169
117.55051237201394	4.960339732659213	0.027481219844930273
117.71725068743524	4.957064891844841	0.026984827012931912
117.88398900285654	4.956909707265959	0.025141332409208447
118.05072731827784	4.958572809258556	0.025430753805115117
118.21746563369913	4.957706296439062	0.02767228705406898
118.38420394912042	4.954516243625051	0.026478664648100864
118.5509422645417	4.954369948190497	0.022437769760242695
118.717680579963	4.956982707244206	0.021773387854054208
118.8844188953843	4.956644173097043	0.024876324353902114
119.0511572108056	4.9530141596910475	0.02514455722361271
119.2178955262269	4.95226386905529	0.022305690981674488
119.3846338416482	4.954595230637274	0.023107655929093522
119.5513721570695	4.953300800015731	0.026640274291025362
119.71811047249079	4.950119995022047	0.026362935347926338
119.88484878791209	4.950762340482137	0.023819568060380866
120.05158710333339	4.952169934040904	0.025304938029535998
120.21832541875469	4.949610336913766	0.026129285039488047
120.38506373417599	4.947802274394286	0.02355648063000343
120.55180204959727	4.949557595831432	0.02274863131702204
120.71854036501857	4.948906735865636	0.025236832351734656
120.88527868043985	4.945936242412515	0.02517533850746427
121.05201699586115	4.94587506448482	0.022847295258916156
121.21875531128245	4.947789069967294	0.023836791225640745
121.38549362670375	4.946322894432043	0.02576002391231233
121.55223194212505	4.944334892110277	0.024343361084815204
121.71897025754635	4.945719476675442	0.022676628887949805
121.88570857296764	4.945988072967937	0.02485267490488413
122.05244688838894	4.94246125461908	0.025226972288866258
122.21918520381024	4.940608226177323	0.0223083318698995
122.38592351923154	4.94195587841624	0.022079073218544156
122.55266183465284	4.940565588635717	0.02403784458250138
122.71940015007412	4.9383568573686905	0.023252647980939067
122.88613846549542	4.9398403030854645	0.021627047584853842
123.05287678091672	4.941900960376547	0.024229020712770874
123.21961509633802	4.938928904734874	0.025852657019905616
123.3863534117593	4.936523708598658	0.02275767567805675
123.5530917271806	4.938965172884996	0.020980888503184733
123.7198300426019	4.938937141140639	0.023676641789380393
123.8865683580232	4.935420540123683	0.023714723013999028
124.0533066734445	4.934546683963399	0.020663250584635272
124.2200449888658	4.936325262234837	0.0214375186775047
124.38678330428709	4.934208701140225	0.023832191213044526
124.55352161970839	4.931373745281677	0.022614505122990524
124.72025993512968	4.932590891487227	0.020702473185048025
124.88699825055097	4.93339776240189	0.02271498172361393
125.05373656597227	4.930675707879692	0.02341202531665218
125.22047488139357	4.929367572058494	0.020851916984138796
125.38721319681487	4.931594956613592	0.020353797746008914
125.55395151223617	4.931662928556266	0.023403168490848135
125.72068982765747	4.928748478391151	0.02415863629617792
125.88742814307875	4.928005658617387	0.02219270118380552
126.05416645850005	4.929007288783751	0.023388702245755878
126.22090477392135	4.926193933372712	0.024412897132298612
126.38764308934265	4.923942430216514	0.021842795399181478
126.55438140476394	4.925732639252702	0.02034054748751222
126.72111972018523	4.92609092714379	0.02215545287793558
126.88785803560653	4.92416097344539	0.022383040403747084
127.05459635102783	4.924275110917362	0.020584766480068524
127.22133466644912	4.926359668795916	0.021748934540910397
127.38807298187042	4.924028754289445	0.02403063557898452
127.55481129729172	4.920955221262374	0.022163752425787865
127.72154961271302	4.922305852468307	0.019795041374826655
127.88828792813432	4.921447902936377	0.02096191086030269
128.0550262435556	4.9193596062252745	0.022092602002616347
128.2217645589769	4.918073216610697	0.01940687660190688
128.3885028743982	4.9198741625828895	0.019701363031752225
128.5552411898195	4.918408254711979	0.02230084128055872
128.7219795052408	4.915602260658384	0.0214483541433787
128.8887178206621	4.916517535266083	0.018848192456167347
129.0554561360834	4.918406034089788	0.019860363343719822
129.2221944515047	4.91667157427003	0.02135968844701524
129.388932766926	4.914665771719953	0.01982286315293729
129.5556710823473	4.916036823058258	0.018703949753351264
129.72240939776856	4.916217333802374	0.021630555008747998
129.88914771318986	4.912843669751017	0.02240868451075525
130.05588602861116	4.911576191098711	0.019693525481751482
130.22262434403245	4.91344790778603	0.019871540790910372
130.38936265945375	4.911859504050615	0.021516573160313628
130.55610097487505	4.909352944419246	0.01982237992272387
130.72283929029635	4.910296691393427	0.01739197671390435
130.88957760571765	4.911178715126864	0.01855721241476088
131.05631592113895	4.908920571506479	0.019409459108097334
131.22305423656024	4.907374060629417	0.017726959763228745
131.38979255198154	4.908751764132292	0.017396474371429826
131.55653086740284	4.908604835422587	0.019700503099148788
131.7232691828241	4.906490144915427	0.0200759118969355
131.8900074982454	4.906409489303056	0.018508067008536574
132.0567458136667	4.907405844430652	0.019682322892994014
132.223484129088	4.904877509373444	0.020572201916977333
132.3902224445093	4.902741808561522	0.01822911204225941
132.5569607599306	4.903991674286916	0.01706269224366396
132.7236990753519	4.902973079030161	0.018836849400392465
132.8904373907732	4.900131923655728	0.018027007263892815
133.0571757061945	4.90032555813765	0.015322114813908674
133.2239140216158	4.902200468553706	0.015993815366420493
133.3906523370371	4.900741118117408	0.018235276093284677
133.5573906524584	4.898216754434337	0.017203693666181998
133.7241289678797	4.899291993052643	0.014943186090530568
133.89086728330096	4.901077722204867	0.01670159495622693
134.0576055987223	4.898512411814525	0.018132243348336713
134.22434391414356	4.8963832023327765	0.015710980077903752
134.3910822295649	4.898409360793535	0.01428475280409718
134.55782054498616	4.898447912131669	0.01609846639899825
134.72455886040748	4.896085754278816	0.015740994745022732
134.89129717582875	4.895890637462829	0.01328121815039105
135.05803549125005	4.897360642311705	0.013572528618538155
135.22477380667135	4.89645290566351	0.015043391937495595
135.39151212209265	4.895137286791684	0.01447865168761573
135.55825043751395	4.89640640005139	0.013881994783482435
135.72498875293522	4.897207723614802	0.01650878862364414
135.89172706835654	4.8946251487666235	0.01762613260050446
136.05846538377781	4.893288035252073	0.015362474012627463
136.22520369919914	4.8948825981427655	0.01496506502462
136.3919420146204	4.893691571549381	0.016353521616247313
136.55868033004174	4.891360026743642	0.015132975776837174
136.725418645463	4.89186361619205	0.01299167061280353
136.89215696088434	4.892915214880806	0.013629803877386031
137.0588952763056	4.891644347881298	0.014889598046121747
137.22563359172693	4.889983206190336	0.014256528535784414
137.3923719071482	4.890162228189479	0.013703109887311873
137.5591102225695	4.889440934970033	0.01499676545674736
137.7258485379908	4.887307230599087	0.015000017405177654
137.89258685341207	4.886852787726083	0.013953099349273027
138.0593251688334	4.887120018105876	0.015490771752002586
138.22606348425467	4.884494706712699	0.016758779300045337
138.392801799676	4.8827042782047325	0.01498091172876217
138.55954011509726	4.884525299113419	0.013923331720208298
138.7262784305186	4.88553821858231	0.015704291857400285
138.89301674593986	4.8837946499001585	0.016307767727685392
139.0597550613612	4.882789923073362	0.014357537306264875
139.22649337678246	4.883854159090502	0.013703793955390904
139.39323169220378	4.883064328865608	0.01503689641390027
139.55997000762505	4.880852266019939	0.014656736453823779
139.72670832304638	4.8808442572911055	0.013219099716140142
139.89344663846765	4.882029073612326	0.014673180178075607
140.06018495388892	4.879972003397388	0.017075487535900172
140.22692326931025	4.8774050910726165	0.01619734650604662
140.39366158473152	4.878211647738684	0.014507778206635558
140.56039990015285	4.878662652593159	0.015472663964865286
140.72713821557412	4.876840176495376	0.015331071590806943
140.89387653099544	4.875993218629526	0.013210431426675407
141.0606148464167	4.876777659726929	0.012460131275283743
141.22735316183804	4.876527050140015	0.012970403208241032
141.3940914772593	4.875640761960965	0.012846839106754228
141.56082979268064	4.875654560476652	0.01255931395332029
141.7275681081019	4.875589561230094	0.013409203290601395
141.8943064235232	4.8744752092234895	0.013802609083749058
142.0610447389445	4.87414921015518	0.01326998977790778
142.2277830543658	4.874720009462155	0.01458917735155375
142.3945213697871	4.871237799508378	0.016070498079155345
142.56125968520837	4.867811516977446	0.013423545038356669
142.7279980006297	4.869551407247899	0.010310096758375634
142.89473631605097	4.871984397482387	0.01115788615490127
143.0614746314723	4.8711152190530855	0.01387655795978211
143.22821294689356	4.868540708290352	0.013794571186673953
143.3949512623149	4.868220676718625	0.012013062454009673
143.56168957773616	4.868464380774682	0.011745310016593975
143.7284278931575	4.868230934114962	0.011331538512340818
143.89516620857876	4.86904584926598	0.011001287993654813
144.06190452400006	4.87014645568032	0.013953761743463923
144.22864283942135	4.86496368023465	0.01570713665453812
144.39538115484265	4.860522709722372	0.011886308771347345
144.56211947026395	4.862976822446726	0.008927336803055862
144.72885778568525	4.865023804653774	0.009534928983557749
144.89559610110655	4.865270062700041	0.010818441529277467
145.06233441652782	4.865099275854584	0.011196229538520449
145.22907273194915	4.865691429071446	0.01223865141867933
145.39581104737042	4.863173644434761	0.014251664092035269
145.56254936279174	4.859569066958043	0.012625129419889719
145.729287678213	4.859859735226925	0.009155319303331879
145.8960259936343	4.8616228593724635	0.008686993419955647
146.0627643090556	4.862048747160964	0.010109269529933799
146.2295026244769	4.86150129793187	0.011089426186386007
146.3962409398982	4.861993284481175	0.01267414576138606
146.5629792553195	4.857909292082772	0.01694618012201998
146.7297175707408	4.85244139647277	0.01532302060667113
146.8964558861621	4.8529386827447345	0.00980624949644075
147.0631942015834	4.854423115098747	0.008620636118495586
147.2299325170047	4.854377516225395	0.0077091053430514535
147.396670832426	4.855008661294437	0.006176228840158525
147.56340914784727	4.8568688006537934	0.005908395761818135
147.7301474632686	4.858336833536993	0.008164827988099962
147.89688577868986	4.856461902841694	0.0114414814331591
148.06362409411116	4.853368877358485	0.011726345585069133
148.23036240953246	4.852623418803181	0.011078051528503559
148.39710072495376	4.850736737355877	0.011062611589263877
148.56383904037506	4.848848347978203	0.008781249876246911
148.73057735579636	4.849881107767389	0.006250384442238318
148.89731567121765	4.851411525590148	0.006327528234611392
149.06405398663895	4.850773593825801	0.007429551888506714
149.23079230206025	4.849516658310458	0.006887952990931215
149.39753061748155	4.850483608695674	0.006446221050961853
149.56426893290285	4.8514478598190465	0.009584251738886275
149.73100724832415	4.847852389742736	0.011493357189425997
149.89774556374542	4.845017831330402	0.00954738038954819
150.06448387916672	4.84549408304156	0.009248412176240457
150.231222194588	4.843255294834126	0.009465666316405505
150.3979605100093	4.8413801845131665	0.006623508953403437
150.5646988254306	4.842844309213697	0.004331401110940511
150.7314371408519	4.843973842695412	0.0050636240628575396
150.8981754562732	4.843214660044696	0.005383594625659033
151.0649137716945	4.843577432441455	0.004619981434958901
151.2316520871158	4.845569387008972	0.005338919759049567
151.3983904025371	4.8459162519128265	0.009068927373827909
151.5651287179584	4.842237393278307	0.010489084748044249
151.7318670333797	4.839666473192944	0.007799036878253486
151.898605348801	4.8404652224142835	0.006967082927376264
152.06534366422227	4.839215674747965	0.007612701290556691
152.2320819796436	4.837239379765997	0.0067133976365832074
152.39882029506487	4.836738346644003	0.005417831532726966
152.5655586104862	4.836263175133955	0.004921673382003754
152.73229692590746	4.8360084203368405	0.003867176415941005
152.89903524132876	4.836695661317722	0.003076685590212706
153.06577355675006	4.8375138281197465	0.003284752880924344
153.23251187217136	4.837518208631707	0.0038468073901608783
153.39925018759266	4.837019806033238	0.00393705669926153
153.56598850301395	4.837102623412992	0.0038797554373926025
153.73272681843525	4.836616428523129	0.005918998892955864
153.89946513385652	4.83311621606185	0.006528129692276051
154.06620344927785	4.831373321391763	0.0035508346401901688
154.23294176469912	4.83335903271268	0.002662050143785442
154.39968008012045	4.832611481868783	0.004374950782920229
154.56641839554172	4.8317682444454455	0.003665814143743307
154.73315671096304	4.832600604172504	0.0011274138775699868
154.8998950263843	4.834433547086332	0.001325413859490866
155.06663334180564	4.834473054148475	0.0032467102396280603
155.2333716572269	4.8325691207053065	0.0024214655956216282
155.4001099726482	4.831317310764419	0.002117644556511723
155.5668482880695	4.8307859698891935	0.0022699588904576337
155.7335866034908	4.830115189943653	0.00189268931771409
155.9003249189121	4.828379018630061	0.002296633884066427
156.06706323433338	4.828311666089479	0.003081925598409449
156.2338015497547	4.82565561692078	0.004770565536846056
156.40053986517597	4.630301413625854	0.002748336676041595
156.5672781805973	4.632231715300826	0.0003004877234371222
156.73401649601857	4.825733902239303	0.0019323766818505079
156.9007548114399	4.824072353082924	0.0032955356028052238
157.06749312686117	4.822858544367982	0.0032043326127127294
157.2342314422825	4.821135636991224	0.0017411660891723914
157.40096975770376	4.6288472587676885	0.00020048012085149995
157.5677080731251	4.437958700459639	0.
157.73444638854636	4.437958700459639	0.
157.90118470396766	4.6337243739498515	0.00006982312749159844
158.06792301938896	4.827741117335949	0.002179281761509122
158.23466133481023	4.82411723731302	0.003408850444977441
158.40139965023155	4.822233488057608	0.002097123795762191
158.56813796565282	4.8209614559619425	0.001990982101506549
158.73487628107415	4.628828461831258	0.0011932501167042748
158.90161459649542	4.437958700459639	0.
159.06835291191675	4.627676275057001	0.0007044305149355842
159.23509122733802	4.816246339674536	0.0013798385027141316
159.40182954275934	4.626528765077174	0.0006754079877785474
159.56856785818061	4.629164968927519	0.00017737109633736664
159.73530617360194	4.819515933757311	0.0012436835448738064
159.9020444890232	4.816626352055868	0.002295679931526179
160.06878280444454	4.813527780761004	0.0013733551462166789
160.2355211198658	4.625211093994566	0.00014398766322693983
160.40225943528708	4.627466148631032	0.0013315200181218977
160.5689977507084	4.81566412055988	0.0022231004644492633
160.73573606612968	4.8143245938500945	0.0016210451359221292
160.902474381551	4.812508252064053	0.0009793878426673855
161.06921269697227	4.624340330602446	0.00024992315307262173
161.2359510123936	4.437958700459639	0.
161.40268932781487	4.437958700459639	0.
161.5694276432362	4.437958700459639	0.
161.73616595865747	4.625799417666326	0.00045939556533842264
161.9029042740788	4.8127747186032455	0.0014916416647831516
162.06964258950006	4.811713653009619	0.0017622483962837971
162.23638090492136	4.810685474158905	0.0025120586181575167
162.40311922034266	4.6239058225458445	0.0017820563213184484
162.56985753576396	4.624856749409285	0.00032859905173858483
162.73659585118526	4.811614482064862	0.000792454701249649
162.90333416660653	4.8103604000077596	0.0011243545244929874
163.07007248202785	4.623602667352182	0.0006604988749819233
163.23681079744912	4.623879197143657	0.0009369255941217289
163.40354911287045	4.808958392533353	0.0017431512212058868
163.57028742829172	4.623037895849335	0.0008062256270841579
163.73702574371305	4.437958700459639	0.
163.90376405913432	4.437958700459639	0.
164.07050237455564	4.437958700459639	0.
164.23724068997691	4.437958700459639	0.
164.4039790053982	4.625084482213472	-0.00011551626803417229
164.5707173208195	4.809099423788383	0.0005620255000049351
164.7374556362408	4.62197364203455	0.0006775417680391074
164.9041939516621	4.437958700459639	0.
165.0709322670834	4.620845807082345	0.00020758258306378643
165.2376705825047	4.802470406296994	0.0013646706302020977
165.40440889792598	4.619583299674288	0.0011570880471383112
165.5711472133473	4.620450608946278	0.00045712757419962485
165.73788552876857	4.8024822731505745	0.0013050150677595238
165.9046238441899	4.8006993330496455	0.0026079745603299303
166.07136215961117	4.618667668845349	0.0017600870667700314
166.23810047503247	4.619869331243926	0.0008499529622343254
166.40483879045377	4.8011420864731384	0.003116415076419324
166.57157710587506	4.798520200033774	0.00433126618155143
166.73831542129636	4.795926950738705	0.002683822877088518
166.90505373671766	4.616638206393782	0.0006190188097220855
167.07179205213896	4.437958700459639	0.
167.23853036756026	4.437958700459639	0.
167.40526868298156	4.437958700459639	0.
167.57200699840286	4.437958700459639	0.
167.73874531382415	4.437958700459639	0.
167.90548362924542	4.437958700459639	0.
168.07222194466675	4.437958700459639	0.
168.23896026008802	4.620399155339527	0.000341639957638184
168.40569857550932	4.801582684601525	0.0013377615446501475
168.57243689093062	4.799622521537214	0.0014328833594958392
168.73917520635192	4.798766537677553	0.0017916782448156618
168.90591352177321	4.796010851025451	0.00303322805819602
169.0726518371945	4.615683305623114	0.0016783115858642335
169.2393901526158	4.616518387699405	0.0006234035604157393
169.4061284680371	4.7940824295131605	0.0021447454469498417
169.5728667834584	4.791673565418087	0.0029412272125881964
169.7396050988797	4.6141095236043315	0.0014198853260540944
169.906343414301	4.616039979244357	0.0010371285720025224
170.0730817297223	4.793036854623409	0.0031970089293628257
170.23982004514357	4.790878358710475	0.0039689881063839656
170.40655836056487	4.7904523277682465	0.003030668694414093
170.57329667598617	4.790911232541015	0.003795455567257427
170.74003499140747	4.790722075748744	0.005147789243733991
170.90677330682877	4.7890847227935245	0.004527076130866179
171.07351162225007	4.790103932519299	0.0033416583728517503
171.24024993767136	4.7909475244203055	0.004645444161983009
171.40698825309266	4.789355708448951	0.005133214337067227
171.57372656851396	4.788388590097811	0.0036406143294369
171.74046488393526	4.789046117921369	0.002676834631645377
171.90720319935656	4.789650122068107	0.0024007372330596974
172.07394151477786	4.7903004430576255	0.002501585213743252
172.24067983019916	4.791033291243168	0.0024621900822986895
172.40741814562043	4.791636451212584	0.0033852419233037475
172.57415646104175	4.790654532228307	0.004354432153429117
172.74089477646302	4.789464754775864	0.0036723487495723037
172.90763309188435	4.789685037079904	0.003151766280527045
173.07437140730562	4.788762063058979	0.004304144299560489
173.24110972272692	4.785809766202593	0.003999245474822593
173.40784803814822	4.784756484331025	0.001600500641541119
173.57458635356952	4.7857063814080245	0.0014050866902497723
173.7413246689908	4.784337170578846	0.0027822376722074376
173.9080629844121	4.7820692506644065	0.0026760947406584768
174.0748012998334	4.780237126223451	0.0018105801352561496
174.24153961525468	4.778705038707296	0.0006779820852325409
174.408277930676	4.6080565748297815	-0.000019334121257656542
174.57501624609728	4.608848227632946	0.0001449749857024126
174.7417545615186	4.779118028239755	0.0009306685417338374
174.90849287693987	4.77667711717065	0.0017435799975980756
175.0752311923612	4.606407316563842	0.0009578864415666509
175.24196950778247	4.608313430494709	0.00028727851004044724
175.4087078232038	4.778031036130552	0.0019905268441212376
175.57544613862507	4.775928881953206	0.003202966440582728
175.74218445404637	4.606211276317363	0.0014997181065019376
175.90892276946767	4.608933878902194	0.0007958987453047232
176.07566108488896	4.7790120963610345	0.0026993807604764083
176.24239940031026	4.77680069749867	0.003016385904237513
176.40913771573153	4.60672248003983	0.0011129038890658276
176.57587603115286	4.608594586078714	0.001175621884469864
176.74261434657413	4.777872846091926	0.0029334345959404085
176.90935266199546	4.775629919553519	0.002842910271602818
177.07609097741673	4.775410077705208	0.0013616131043652177
177.24282929283805	4.775608587100647	0.0015560270776425974
177.40956760825932	4.774142111802313	0.0017365269363171152
177.57630592368065	4.772902156519733	0.0007715158570410325
177.74304423910192	4.771536964183409	0.0009529254790870526
177.90978255452325	4.604185450989881	0.0006384250249534816
178.07652086994452	4.437958700459639	0.
178.2432591853658	4.437958700459639	0.
178.4099975007871	4.437958700459639	0.
178.57673581620838	4.60340549360321	0.0008953324454680979
178.7434741316297	4.60340549360321	0.0008953324454680979
178.91021244705098	4.437958700459639	0.
179.0769507624723	4.602385830944243	0.0005149335494993495
179.24368907789358	4.766178394625523	0.000874838321330208
179.4104273933149	4.763994041811501	0.0005415460739994525
179.57716570873617	4.600201478130221	0.00018164130216859404
179.7439040241575	4.437958700459639	0.
179.91064233957877	4.601362945866312	0.00040335241094404246
180.0773806550001	4.764441661245638	0.0014799309776001956
180.24411897042137	4.762664130394938	0.002166299906470091
180.41085728584267	4.599585415015612	0.0010897213398139375
180.57759560126397	4.6005040353734215	-0.00011418634424608903
180.74433391668524	4.762800840828147	0.00035277187557806935
180.91107223210656	4.759698648615412	0.0012680138026403566
181.07781054752783	4.597401843160687	0.0008010555828161984
181.24454886294916	4.437958700459639	0.
181.41128717837043	4.437958700459639	0.
181.57802549379176	4.437958700459639	0.
181.74476380921303	4.437958700459639	0.
181.91150212463435	4.437958700459639	0.
182.07824044005562	4.597253020417956	0.0007322378081846243
182.24497875547695	4.752807558777363	0.0010463693352018516
182.41171707089822	4.593513238819046	0.0003141315270172274
182.57845538631952	4.437958700459639	0.
182.74519370174082	4.437958700459639	0.
182.91193201716212	4.594567877792375	0.0002798244645401168
183.0786703325834	4.752138899180391	0.00020706586789153515
183.24540864800468	4.750854661823852	0.0005410949241117345
183.412146963426	4.5932836404358355	0.0006138535207603162
183.57888527884728	4.437958700459639	0.
183.7456235942686	4.437958700459639	0.
183.91236190968988	4.593007744670613	0.0010660159105882487
184.0791002251112	4.593007744670613	0.0010660159105882487
184.24583854053247	4.437958700459639	0.
184.41257685595377	4.437958700459639	0.
184.57931517137507	4.592902885341926	0.0010967588523401355
184.74605348679637	4.592902885341926	0.0010967588523401355
184.91279180221767	4.437958700459639	0.
185.07953011763897	4.592852976750219	0.0013940993390300744
185.24626843306027	4.744459691173708	0.001443792608978208
185.41300674848156	4.589565414883127	0.00004969326994813366
185.57974506390286	4.437958700459639	0.
185.74648337932413	4.437958700459639	0.
185.91322169474546	4.437958700459639	0.
186.07996001016673	4.437958700459639	0.
186.24669832558806	4.437958700459639	0.
186.41343664100933	4.437958700459639	0.
186.58017495643062	4.437958700459639	0.
186.74691327185192	4.437958700459639	0.
186.91365158727322	4.437958700459639	0.
187.08038990269452	4.437958700459639	0.
187.24712821811582	4.437958700459639	0.
187.41386653353712	4.437958700459639	0.
187.58060484895842	4.437958700459639	0.
187.7473431643797	4.437958700459639	0.
187.914081479801	4.437958700459639	0.
188.0808197952223	4.437958700459639	0.
188.24755811064358	4.437958700459639	0.
188.41429642606488	4.437958700459639	0.
188.58103474148618	4.437958700459639	0.
188.74777305690748	4.437958700459639	0.
188.91451137232877	4.437958700459639	0.
189.08124968775007	4.437958700459639	0.
189.24798800317137	4.437958700459639	0.
189.41472631859267	4.437958700459639	0.
189.58146463401397	4.437958700459639	0.
189.74820294943527	4.437958700459639	0.
189.91494126485657	4.437958700459639	0.
190.08167958027786	4.437958700459639	0.
190.24841789569916	4.437958700459639	0.
190.41515621112046	4.437958700459639	0.
190.58189452654173	4.437958700459639	0.
190.74863284196303	4.437958700459639	0.
190.91537115738433	4.437958700459639	0.
191.08210947280563	4.581327262696426	-0.00007911426362383125
191.24884778822693	4.581327262696426	-0.00007911426362383125
191.41558610364822	4.437958700459639	0.
191.58232441906952	4.437958700459639	0.
191.74906273449082	4.582625460195324	0.0007128591240314884
191.91580104991212	4.582625460195324	0.0007128591240314884
192.08253936533342	4.437958700459639	0.
192.24927768075472	4.437958700459639	0.
192.416015996176	4.437958700459639	0.
192.5827543115973	4.437958700459639	0.
192.74949262701858	4.437958700459639	0.
192.9162309424399	4.437958700459639	0.
193.08296925786118	4.437958700459639	0.
193.2497075732825	4.437958700459639	0.
193.41644588870378	4.437958700459639	0.
193.58318420412508	4.437958700459639	0.
193.74992251954637	4.437958700459639	0.
193.91666083496767	4.437958700459639	0.
194.08339915038897	4.437958700459639	0.
194.25013746581027	4.437958700459639	0.
194.41687578123157	4.437958700459639	0.
194.58361409665284	4.437958700459639	0.
194.75035241207416	4.437958700459639	0.
194.91709072749543	4.437958700459639	0.
195.08382904291676	4.437958700459639	0.
195.25056735833803	4.437958700459639	0.
195.41730567375936	4.437958700459639	0.
195.58404398918063	4.437958700459639	0.
195.75078230460196	4.437958700459639	0.
195.91752062002323	4.5610826087555125	0.0005120325435837947
196.08425893544452	4.682849414048144	0.0005673474534587012
196.25099725086582	4.679221104399151	0.0008132407001094087
196.4177355662871	4.557454299106519	0.0007579257902345022
196.58447388170842	4.437958700459639	0.
196.7512121971297	4.437958700459639	0.
196.91795051255102	4.437958700459639	0.
197.0846888279723	4.437958700459639	0.
197.2514271433936	4.437958700459639	0.
197.41816545881488	4.437958700459639	0.
197.5849037742362	4.437958700459639	0.
197.75164208965748	4.437958700459639	0.
197.9183804050788	4.437958700459639	0.
198.08511872050008	4.437958700459639	0.
198.2518570359214	4.437958700459639	0.
198.41859535134267	4.553272939283087	0.00040614748268174406
198.58533366676394	4.553272939283087	0.00040614748268174406
198.75207198218527	4.437958700459639	0.
198.91881029760654	4.437958700459639	0.
199.08554861302787	4.437958700459639	0.
199.25228692844914	4.437958700459639	0.
199.41902524387046	4.437958700459639	0.
199.58576355929173	4.437958700459639	0.
199.75250187471306	4.437958700459639	0.
199.91924019013433	4.437958700459639	0.
200.08597850555566	4.437958700459639	0.
200.25271682097693	4.437958700459639	0.
200.41945513639826	4.437958700459639	0.
200.58619345181953	4.437958700459639	0.
200.75293176724082	4.437958700459639	0.
200.91967008266212	4.437958700459639	0.
201.0864083980834	4.437958700459639	0.
201.25314671350472	4.437958700459639	0.
201.419885028926	4.5455005591743145	0.00012564334412521388
201.58662334434732	4.5455005591743145	0.00012564334412521388
201.7533616597686	4.437958700459639	0.
201.9200999751899	4.437958700459639	0.
202.08683829061118	4.437958700459639	0.
202.2535766060325	4.437958700459639	0.
202.42031492145378	4.437958700459639	0.
202.5870532368751	4.437958700459639	0.
202.75379155229638	4.437958700459639	0.
202.92052986771768	4.437958700459639	0.
203.08726818313897	4.437958700459639	0.
203.25400649856027	4.437958700459639	0.
203.42074481398157	4.437958700459639	0.
203.58748312940284	4.437958700459639	0.
203.75422144482417	4.437958700459639	0.
203.92095976024544	4.437958700459639	0.
204.08769807566676	4.437958700459639	0.
204.25443639108803	4.437958700459639	0.
204.42117470650936	4.437958700459639	0.
204.58791302193063	4.437958700459639	0.
204.75465133735193	4.437958700459639	0.
204.92138965277323	4.437958700459639	0.
205.08812796819453	4.437958700459639	0.
205.25486628361583	4.437958700459639	0.
205.42160459903712	4.437958700459639	0.
205.58834291445842	4.437958700459639	0.
205.75508122987972	4.437958700459639	0.
205.92181954530102	4.437958700459639	0.
206.0885578607223	4.437958700459639	0.
206.25529617614362	4.437958700459639	0.
206.4220344915649	4.437958700459639	0.
206.5887728069862	4.437958700459639	0.
206.75551112240748	4.437958700459639	0.
206.92224943782878	4.437958700459639	0.
207.08898775325008	4.437958700459639	0.
207.25572606867138	4.437958700459639	0.
207.42246438409268	4.437958700459639	0.
207.58920269951398	4.437958700459639	0.
207.75594101493527	4.437958700459639	0.
207.92267933035657	4.437958700459639	0.
208.08941764577787	4.437958700459639	0.
208.25615596119917	4.437958700459639	0.
208.42289427662047	4.437958700459639	0.
208.58963259204174	4.437958700459639	0.
208.75637090746304	4.437958700459639	0.
208.92310922288434	4.437958700459639	0.
209.08984753830563	4.437958700459639	0.
209.25658585372693	4.437958700459639	0.
209.42332416914823	4.437958700459639	0.
209.59006248456953	4.437958700459639	0.
209.75680079999083	4.437958700459639	0.
209.92353911541213	4.437958700459639	0.
210.09027743083342	4.437958700459639	0.
210.25701574625472	4.437958700459639	0.
210.42375406167602	4.437958700459639	0.
210.59049237709732	4.437958700459639	0.
210.75723069251862	4.437958700459639	0.
210.9239690079399	4.437958700459639	0.
211.0907073233612	4.437958700459639	0.
211.25744563878249	4.437958700459639	0.
211.42418395420378	4.437958700459639	0.
211.59092226962508	4.437958700459639	0.
211.75766058504638	4.437958700459639	0.
211.92439890046768	4.437958700459639	0.
212.09113721588898	4.437958700459639	0.
212.25787553131028	4.437958700459639	0.
212.42461384673157	4.437958700459639	0.
212.59135216215287	4.437958700459639	0.
212.75809047757414	4.437958700459639	0.
212.92482879299547	4.437958700459639	0.
213.09156710841674	4.437958700459639	0.
213.25830542383807	4.437958700459639	0.
213.42504373925934	4.437958700459639	0.
213.59178205468066	4.437958700459639	0.
213.75852037010193	4.437958700459639	0.
213.92525868552323	4.5164599904660765	0.0005542709197667641
214.09199700094453	4.5164599904660765	0.0005542709197667641
214.25873531636583	4.437958700459639	0.
214.42547363178713	4.437958700459639	0.
214.59221194720843	4.437958700459639	0.
214.75895026262972	4.437958700459639	0.
214.925688578051	4.437958700459639	0.
215.09242689347232	4.437958700459639	0.
215.2591652088936	4.437958700459639	0.
215.42590352431492	4.437958700459639	0.
215.5926418397362	4.437958700459639	0.
215.75938015515752	4.437958700459639	0.
215.92611847057879	4.437958700459639	0.
216.0928567860001	4.437958700459639	0.
216.25959510142138	4.437958700459639	0.
216.42633341684268	4.437958700459639	0.
216.59307173226398	4.437958700459639	0.
216.75981004768525	4.437958700459639	0.
216.92654836310658	4.437958700459639	0.
217.09328667852785	4.437958700459639	0.
217.26002499394917	4.437958700459639	0.
217.42676330937044	4.437958700459639	0.
217.59350162479177	4.437958700459639	0.
217.76023994021304	4.437958700459639	0.
217.92697825563437	4.437958700459639	0.
218.09371657105564	4.437958700459639	0.
218.26045488647696	4.437958700459639	0.
218.42719320189823	4.437958700459639	0.
218.59393151731956	4.437958700459639	0.
218.76066983274083	4.437958700459639	0.
218.9274081481621	4.437958700459639	0.
219.09414646358343	4.437958700459639	0.
219.2608847790047	4.437958700459639	0.
219.42762309442602	4.437958700459639	0.
219.5943614098473	4.437958700459639	0.
219.76109972526862	4.437958700459639	0.
219.9278380406899	4.437958700459639	0.
220.09457635611122	4.437958700459639	0.
220.2613146715325	4.437958700459639	0.
220.42805298695382	4.437958700459639	0.
220.59479130237509	4.437958700459639	0.
220.7615296177964	4.437958700459639	0.
220.92826793321768	4.437958700459639	0.
221.09500624863898	4.437958700459639	0.
221.26174456406028	4.437958700459639	0.
221.42848287948155	4.437958700459639	0.
221.59522119490288	4.437958700459639	0.
221.76195951032415	4.437958700459639	0.
221.92869782574547	4.437958700459639	0.
222.09543614116674	4.437958700459639	0.
222.26217445658807	4.437958700459639	0.
222.42891277200934	4.437958700459639	0.
222.59565108743067	4.437958700459639	0.
222.76238940285194	4.437958700459639	0.
222.92912771827324	4.437958700459639	0.
223.09586603369453	4.437958700459639	0.
223.26260434911583	4.437958700459639	0.
223.42934266453713	4.437958700459639	0.
223.59608097995843	4.437958700459639	0.
223.76281929537973	4.437958700459639	0.
223.929557610801	4.437958700459639	0.
224.09629592622233	4.437958700459639	0.
224.2630342416436	4.474425910357101	0.0006149714856397073
224.42977255706492	4.509319677675879	0.001267234665136162
224.5965108724862	4.508327854839257	0.0011018955080803819
224.76324918790752	4.473434087520479	0.00044963232858392737
224.9299875033288	4.437958700459639	0.
225.0967258187501	4.437958700459639	0.
225.2634641341714	4.437958700459639	0.
225.43020244959268	4.462804652116589	0.0004999342145207283
225.59694076501398	4.486089473497824	0.0012125159854737841
225.76367908043528	4.483259874359957	0.0014940147287351231
225.93041739585658	4.482087317173741	0.0013073612155240124
226.09715571127788	4.460070964654658	0.0005259282577419451
226.26389402669918	4.437958700459639	0.
226.43063234212045	4.437958700459639	0.
226.59737065754177	4.437958700459639	0.
226.76410897296304	4.437958700459639	0.
226.93084728838434	4.437958700459639	0.
227.09758560380564	4.437958700459639	0.
227.26432391922694	4.437958700459639	0.
227.43106223464824	4.437958700459639	0.
227.59780055006954	4.437958700459639	0.
227.76453886549083	4.437958700459639	0.
227.93127718091213	4.437958700459639	0.
228.09801549633343	4.437958700459639	0.
228.26475381175473	4.437958700459639	0.
228.43149212717603	4.437958700459639	0.
228.59823044259733	4.437958700459639	0.
228.76496875801863	4.437958700459639	0.
228.9317070734399	4.437958700459639	0.
229.0984453888612	4.437958700459639	0.
229.2651837042825	4.437958700459639	0.
229.4319220197038	4.437958700459639	0.
229.5986603351251	4.437958700459639	0.
229.7653986505464	4.437958700459639	0.
229.9321369659677	4.437958700459639	0.
230.09887528138898	4.437958700459639	0.
230.26561359681028	4.437958700459639	0.
230.43235191223158	4.437958700459639	0.
230.59909022765288	4.437958700459639	0.
230.76582854307418	4.437958700459639	0.
230.93256685849545	4.437958700459639	0.
231.09930517391678	4.437958700459639	0.
231.26604348933805	4.437958700459639	0.
231.43278180475934	4.437958700459639	0.
231.59952012018064	4.437958700459639	0.
231.76625843560194	4.437958700459639	0.
231.93299675102324	4.437958700459639	0.
232.09973506644454	4.437958700459639	0.
232.26647338186584	4.437958700459639	0.
232.43321169728713	4.437958700459639	0.
232.59995001270843	4.437958700459639	0.
232.76668832812973	4.437958700459639	0.
232.93342664355103	4.437958700459639	0.
233.1001649589723	4.437958700459639	0.
233.26690327439363	4.437958700459639	0.
233.4336415898149	4.437958700459639	0.
233.60037990523622	4.437958700459639	0.
233.7671182206575	4.444500392161176	0.00024577945855181995
233.93385653607882	4.444500392161176	0.00024577945855181995
234.1005948515001	4.437958700459639	0.
234.2673331669214	4.437958700459639	0.
234.4340714823427	4.437958700459639	0.
234.600809797764	4.437958700459639	0.
234.76754811318528	4.437958700459639	0.
234.93428642860655	4.437958700459639	0.
235.10102474402788	4.437958700459639	0.
235.26776305944915	4.437958700459639	0.
235.43450137487048	4.437958700459639	0.
235.60123969029175	4.437958700459639	0.
235.76797800571308	4.437958700459639	0.
235.93471632113435	4.437958700459639	0.
236.10145463655567	4.437958700459639	0.
236.26819295197694	4.437958700459639	0.
236.43493126739827	4.437958700459639	0.
236.60166958281954	4.437958700459639	0.
236.76840789824084	4.437958700459639	0.
236.93514621366214	4.437958700459639	0.
237.1018845290834	4.437958700459639	0.
237.26862284450473	4.437958700459639	0.
237.435361159926	4.437958700459639	0.
237.60209947534733	4.437958700459639	0.
237.7688377907686	4.437958700459639	0.
237.93557610618993	4.437958700459639	0.
238.1023144216112	4.437958700459639	0.
238.26905273703252	4.437958700459639	0.
238.4357910524538	4.437958700459639	0.
238.60252936787512	4.437958700459639	0.
238.7692676832964	4.437958700459639	0.
238.93600599871772	4.437958700459639	0.
239.102744314139	4.437958700459639	0.
239.26948262956026	4.437958700459639	0.
239.43622094498159	4.437958700459639	0.
239.60295926040286	4.437958700459639	0.
239.76969757582418	4.432887331445665	0.000030845620123223944
239.93643589124545	4.432887331445665	0.000030845620123223944
240.10317420666678	4.437958700459639	0.
240.26991252208805	4.437958700459639	0.
240.43665083750938	4.437958700459639	0.
240.60338915293065	4.437958700459639	0.
240.77012746835197	4.437958700459639	0.
240.93686578377324	4.437958700459639	0.
241.10360409919454	4.437958700459639	0.
241.27034241461584	4.436141866201736	0.00027813893530231567
241.43708073003714	4.436141866201736	0.00027813893530231567
241.60381904545844	4.437958700459639	0.
241.7705573608797	4.437958700459639	0.
241.93729567630103	4.437958700459639	0.
242.1040339917223	4.437958700459639	0.
242.27077230714363	4.437958700459639	0.
242.4375106225649	4.437958700459639	0.
242.60424893798623	4.437958700459639	0.
242.7709872534075	4.437958700459639	0.
242.93772556882882	4.437958700459639	0.
243.1044638842501	4.437958700459639	0.
243.2712021996714	4.437958700459639	0.
243.4379405150927	4.427623558224605	0.0007683703293856506
243.604678830514	4.427623558224605	0.0007683703293856506
243.7714171459353	4.437958700459639	0.
243.9381554613566	4.437958700459639	0.
244.10489377677789	4.424653789774544	0.0002518769922973782
244.27163209219916	4.424653789774544	0.0002518769922973782
244.43837040762048	4.437958700459639	0.
244.60510872304175	4.437958700459639	0.
244.77184703846308	4.437958700459639	0.
244.93858535388435	4.437958700459639	0.
245.10532366930568	4.437958700459639	0.
245.27206198472695	4.437958700459639	0.
245.43880030014824	4.437958700459639	0.
245.60553861556954	4.437958700459639	0.
245.77227693099084	4.437958700459639	0.
245.93901524641214	4.437958700459639	0.
246.10575356183344	4.437958700459639	0.
246.27249187725474	4.437958700459639	0.
246.43923019267604	4.437958700459639	0.
246.60596850809733	4.437958700459639	0.
246.7727068235186	4.437958700459639	0.
246.93944513893993	4.437958700459639	0.
247.1061834543612	4.437958700459639	0.
247.2729217697825	4.437958700459639	0.
247.4396600852038	4.437958700459639	0.
247.6063984006251	4.437958700459639	0.
247.7731367160464	4.437958700459639	0.
247.9398750314677	4.437958700459639	0.
248.106613346889	4.437958700459639	0.
248.2733516623103	4.437958700459639	0.
248.4400899777316	4.437958700459639	0.
248.6068282931529	4.437958700459639	0.
248.77356660857419	4.437958700459639	0.
248.94030492399548	4.437958700459639	0.
249.10704323941678	4.437958700459639	0.
249.27378155483805	4.437958700459639	0.
249.44051987025935	4.437958700459639	0.
249.60725818568065	4.437958700459639	0.
249.77399650110195	4.437958700459639	0.
249.94073481652325	4.437958700459639	0.
250.10747313194454	4.437958700459639	0.
250.27421144736584	4.437958700459639	0.
250.44094976278714	4.437958700459639	0.
250.60768807820844	4.437958700459639	0.
250.77442639362974	4.3860459490026	0.00037537054887688533
250.94116470905104	4.3860459490026	0.00037537054887688533
251.10790302447234	4.437958700459639	0.
251.2746413398936	4.437958700459639	0.
251.44137965531493	4.437958700459639	0.
251.6081179707362	4.437958700459639	0.
251.7748562861575	4.437958700459639	0.
251.9415946015788	4.437958700459639	0.
252.1083329170001	4.437958700459639	0.
252.2750712324214	4.437958700459639	0.
252.4418095478427	4.437958700459639	0.
252.608547863264	4.437958700459639	0.
252.7752861786853	4.437958700459639	0.
252.9420244941066	4.437958700459639	0.
253.1087628095279	4.368263111624286	0.00018513457973657103
253.2755011249492	4.368263111624286	0.00018513457973657103
253.44223944037046	4.437958700459639	0.
253.60897775579178	4.437958700459639	0.
253.77571607121305	4.437958700459639	0.
253.94245438663438	4.437958700459639	0.
254.10919270205565	4.437958700459639	0.
254.27593101747698	4.437958700459639	0.
254.44266933289825	4.437958700459639	0.
254.60940764831955	4.437958700459639	0.
254.77614596374084	4.437958700459639	0.
254.94288427916214	4.437958700459639	0.
255.10962259458344	4.437958700459639	0.
255.2763609100047	4.437958700459639	0.
255.44309922542604	4.437958700459639	0.
255.6098375408473	4.437958700459639	0.
255.77657585626864	4.437958700459639	0.
255.9433141716899	4.398500058334796	0.0004857444166017679
256.1100524871112	4.359041416209953	0.0009714888332035358
256.2767908025325	4.359041416209953	0.0009714888332035358
256.4435291179538	4.437958700459639	0.
256.6102674333751	4.437958700459639	0.
256.7770057487964	4.437958700459639	0.
256.9437440642177	4.437958700459639	0.
257.110482379639	4.437958700459639	0.
257.2772206950603	4.437958700459639	0.
257.4439590104816	4.437958700459639	0.
257.6106973259029	4.437958700459639	0.
257.7774356413242	4.437958700459639	0.
257.9441739567455	4.437958700459639	0.
258.1109122721668	4.437958700459639	0.
258.2776505875881	4.437958700459639	0.
258.4443889030094	4.437958700459639	0.
258.6111272184307	4.437958700459639	0.
258.777865533852	4.437958700459639	0.
258.9446038492733	4.437958700459639	0.
259.1113421646946	4.437958700459639	0.
259.2780804801159	4.437958700459639	0.
259.4448187955371	4.437958700459639	0.
259.6115571109584	4.437958700459639	0.
259.7782954263797	4.437958700459639	0.
259.945033741801	4.437958700459639	0.
260.1117720572223	4.437958700459639	0.
260.2785103726436	4.437958700459639	0.
260.4452486880649	4.437958700459639	0.
260.6119870034862	4.437958700459639	0.
260.7787253189075	4.437958700459639	0.
260.9454636343288	4.437958700459639	0.
261.1122019497501	4.437958700459639	0.
261.2789402651714	4.437958700459639	0.
261.4456785805927	4.437958700459639	0.
261.612416896014	4.437958700459639	0.
261.7791552114353	4.437958700459639	0.
261.9458935268566	4.437958700459639	0.
262.1126318422779	4.344030343701311	0.0009890500078817955
262.2793701576992	4.344030343701311	0.0009890500078817955
262.4461084731205	4.437958700459639	0.
262.6128467885418	4.437958700459639	0.
262.7795851039631	4.437958700459639	0.
262.9463234193844	4.437958700459639	0.
263.1130617348057	4.437958700459639	0.
263.279800050227	4.437958700459639	0.
263.4465383656482	4.437958700459639	0.
263.6132766810696	4.437958700459639	0.
263.7800149964908	4.437958700459639	0.
263.9467533119122	4.437958700459639	0.
264.1134916273334	4.437958700459639	0.
264.2802299427548	4.437958700459639	0.
264.446968258176	4.437958700459639	0.
264.6137065735973	4.437958700459639	0.
264.7804448890186	4.437958700459639	0.
264.9471832044399	4.437958700459639	0.
265.1139215198612	4.437958700459639	0.
265.2806598352825	4.437958700459639	0.
265.4473981507038	4.437958700459639	0.
265.6141364661251	4.437958700459639	0.
265.7808747815464	4.437958700459639	0.
265.9476130969677	4.437958700459639	0.
266.114351412389	4.437958700459639	0.
266.2810897278103	4.341254041080166	0.0005949869077751323
266.4478280432316	4.341254041080166	0.0005949869077751323
266.6145663586529	4.437958700459639	0.
266.7813046740742	4.437958700459639	0.
266.9480429894955	4.437958700459639	0.
267.1147813049168	4.437958700459639	0.
267.28151962033803	4.437958700459639	0.
267.4482579357594	4.437958700459639	0.
267.6149962511807	4.437958700459639	0.
267.7817345666019	4.437958700459639	0.
267.9484728820232	4.437958700459639	0.
268.1152111974446	4.437958700459639	0.
268.2819495128659	4.437958700459639	0.
268.4486878282871	4.437958700459639	0.
268.6154261437084	4.437958700459639	0.
268.7821644591298	4.437958700459639	0.
268.9489027745511	4.437958700459639	0.
269.1156410899723	4.437958700459639	0.
269.2823794053936	4.437958700459639	0.
269.44911772081497	4.437958700459639	0.
269.6158560362362	4.437958700459639	0.
269.7825943516575	4.437958700459639	0.
269.9493326670788	4.437958700459639	0.
270.1160709825001	4.3413691292180605	0.00015256178233541092
270.2828092979214	4.3413691292180605	0.00015256178233541092
270.4495476133427	4.437958700459639	0.
270.616285928764	4.437958700459639	0.
270.7830242441853	4.437958700459639	0.
270.9497625596066	4.437958700459639	0.
271.1165008750279	4.437958700459639	0.
271.2832391904492	4.437958700459639	0.
271.44997750587044	4.437958700459639	0.
271.6167158212918	4.437958700459639	0.
271.7834541367131	4.437958700459639	0.
271.9501924521344	4.437958700459639	0.
272.11693076755563	4.437958700459639	0.
272.2836690829769	4.437958700459639	0.
272.4504073983983	4.437958700459639	0.
272.6171457138196	4.437958700459639	0.
272.7838840292408	4.437958700459639	0.
272.9506223446621	4.437958700459639	0.
273.1173606600835	4.437958700459639	0.
273.2840989755048	4.437958700459639	0.
273.450837290926	4.437958700459639	0.
273.6175756063473	4.437958700459639	0.
273.78431392176867	4.437958700459639	0.
273.9510522371899	4.437958700459639	0.
274.1177905526112	4.437958700459639	0.
274.2845288680325	4.437958700459639	0.
274.45126718345387	4.437958700459639	0.
274.6180054988751	4.437958700459639	0.
274.7847438142964	4.437958700459639	0.
274.9514821297177	4.437958700459639	0.
275.118220445139	4.437958700459639	0.
275.2849587605603	4.437958700459639	0.
275.4516970759816	4.437958700459639	0.
275.6184353914029	4.437958700459639	0.
275.78517370682414	4.437958700459639	0.
275.9519120222455	4.437958700459639	0.
276.1186503376668	4.437958700459639	0.
276.2853886530881	4.437958700459639	0.
276.45212696850933	4.437958700459639	0.
276.6188652839307	4.336370104393707	0.0004363073610004205
276.785603599352	4.336370104393707	0.0004363073610004205
276.9523419147733	4.437958700459639	0.
277.1190802301945	4.437958700459639	0.
277.2858185456158	4.437958700459639	0.
277.4525568610372	4.437958700459639	0.
277.6192951764584	4.437958700459639	0.
277.7860334918797	4.437958700459639	0.
277.952771807301	4.437958700459639	0.
278.1195101227224	4.437958700459639	0.
278.2862484381436	4.437958700459639	0.
278.4529867535649	4.437958700459639	0.
278.6197250689862	4.437958700459639	0.
278.78646338440757	4.437958700459639	0.
278.9532016998288	4.437958700459639	0.
279.1199400152501	4.437958700459639	0.
279.2866783306714	4.437958700459639	0.
279.45341664609276	4.437958700459639	0.
279.620154961514	4.437958700459639	0.
279.7868932769353	4.437958700459639	0.
279.9536315923566	4.437958700459639	0.
280.12036990777784	4.437958700459639	0.
280.2871082231992	4.437958700459639	0.
280.4538465386205	4.437958700459639	0.
280.6205848540418	4.437958700459639	0.
280.78732316946304	4.437958700459639	0.
280.9540614848844	4.437958700459639	0.
281.1207998003057	4.437958700459639	0.
281.287538115727	4.437958700459639	0.
281.45427643114823	4.437958700459639	0.
281.6210147465696	4.437958700459639	0.
281.7877530619909	4.437958700459639	0.
281.9544913774121	4.437958700459639	0.
282.1212296928334	4.437958700459639	0.
282.2879680082547	4.437958700459639	0.
282.4547063236761	4.437958700459639	0.
282.6214446390973	4.437958700459639	0.
282.7881829545186	4.437958700459639	0.
282.9549212699399	4.437958700459639	0.
283.1216595853613	4.437958700459639	0.
283.2883979007825	4.437958700459639	0.
283.4551362162038	4.437958700459639	0.
283.6218745316251	4.437958700459639	0.
283.7886128470464	4.437958700459639	0.
283.9553511624677	4.437958700459639	0.
284.122089477889	4.437958700459639	0.
284.2888277933103	4.437958700459639	0.
284.4555661087316	4.437958700459639	0.
284.6223044241529	4.437958700459639	0.
284.7890427395742	4.437958700459639	0.
284.9557810549955	4.437958700459639	0.
285.12251937041674	4.437958700459639	0.
285.2892576858381	4.437958700459639	0.
285.4559960012594	4.437958700459639	0.
285.62273431668063	4.437958700459639	0.
285.78947263210193	4.437958700459639	0.
285.9562109475233	4.437958700459639	0.
286.1229492629446	4.437958700459639	0.
286.28968757836583	4.437958700459639	0.
286.4564258937871	4.437958700459639	0.
286.6231642092085	4.437958700459639	0.
286.7899025246298	4.437958700459639	0.
286.956640840051	4.437958700459639	0.
287.1233791554723	4.437958700459639	0.
287.2901174708937	4.437958700459639	0.
287.456855786315	4.437958700459639	0.
287.6235941017362	4.437958700459639	0.
287.7903324171575	4.437958700459639	0.
287.9570707325788	4.437958700459639	0.
288.1238090480001	4.437958700459639	0.
288.2905473634214	4.437958700459639	0.
288.4572856788427	4.437958700459639	0.
288.624023994264	4.437958700459639	0.
288.7907623096853	4.437958700459639	0.
288.9575006251066	4.437958700459639	0.
289.1242389405279	4.437958700459639	0.
289.2909772559492	4.437958700459639	0.
289.4577155713705	4.437958700459639	0.
289.6244538867918	4.437958700459639	0.
289.7911922022131	4.437958700459639	0.
289.95793051763434	4.437958700459639	0.
290.12466883305564	4.437958700459639	0.
290.291407148477	4.437958700459639	0.
290.4581454638983	4.437958700459639	0.
290.62488377931953	4.437958700459639	0.
290.79162209474083	4.437958700459639	0.
290.9583604101622	4.437958700459639	0.
291.1250987255835	4.437958700459639	0.
291.2918370410047	4.437958700459639	0.
291.458575356426	4.437958700459639	0.
291.6253136718474	4.437958700459639	0.
291.7920519872686	4.437958700459639	0.
291.9587903026899	4.437958700459639	0.
292.1255286181112	4.437958700459639	0.
292.2922669335326	4.437958700459639	0.
292.4590052489538	4.437958700459639	0.
292.6257435643751	4.437958700459639	0.
292.7924818797964	4.304234261818399	0.0004134576013732245
292.9592201952177	4.304234261818399	0.0004134576013732245
293.125958510639	4.437958700459639	0.
293.2926968260603	4.437958700459639	0.
293.4594351414816	4.437958700459639	0.
293.62617345690285	4.437958700459639	0.
293.7929117723242	4.437958700459639	0.
293.9596500877455	4.437958700459639	0.
294.1263884031668	4.437958700459639	0.
294.29312671858804	4.437958700459639	0.
294.4598650340094	4.437958700459639	0.
294.6266033494307	4.437958700459639	0.
294.793341664852	4.437958700459639	0.
294.96007998027324	4.437958700459639	0.
295.12681829569453	4.437958700459639	0.
295.2935566111159	4.437958700459639	0.
295.4602949265372	4.437958700459639	0.
295.62703324195843	4.437958700459639	0.
295.7937715573797	4.437958700459639	0.
295.9605098728011	4.437958700459639	0.
296.1272481882223	4.437958700459639	0.
296.2939865036436	4.437958700459639	0.
296.4607248190649	4.437958700459639	0.
296.6274631344863	4.437958700459639	0.
296.7942014499075	4.437958700459639	0.
296.9609397653288	4.437958700459639	0.
297.1276780807501	4.437958700459639	0.
297.29441639617147	4.437958700459639	0.
297.4611547115927	4.437958700459639	0.
297.627893027014	4.437958700459639	0.
297.7946313424353	4.437958700459639	0.
297.96136965785655	4.437958700459639	0.
298.1281079732779	4.437958700459639	0.
298.2948462886992	4.437958700459639	0.
298.4615846041205	4.437958700459639	0.
298.62832291954174	4.437958700459639	0.
298.7950612349631	4.437958700459639	0.
298.9617995503844	4.437958700459639	0.
299.1285378658057	4.437958700459639	0.
299.29527618122694	4.437958700459639	0.
299.4620144966483	4.437958700459639	0.
299.6287528120696	4.437958700459639	0.
299.79549112749083	4.437958700459639	0.
299.96222944291213	4.437958700459639	0.
300.12896775833343	4.437958700459639	0.
300.2957060737548	4.437958700459639	0.
300.462444389176	4.437958700459639	0.
300.6291827045973	4.300758965499535	0.0009648444815924332
300.7959210200186	4.300758965499535	0.0009648444815924332
300.96265933544	4.437958700459639	0.
301.1293976508612	4.437958700459639	0.
301.2961359662825	4.437958700459639	0.
301.4628742817038	4.437958700459639	0.
301.6296125971252	4.437958700459639	0.
301.7963509125464	4.437958700459639	0.
301.9630892279677	4.437958700459639	0.
302.129827543389	4.437958700459639	0.
302.2965658588103	4.437958700459639	0.
302.4633041742316	4.437958700459639	0.
302.6300424896529	4.437958700459639	0.
302.7967808050742	4.437958700459639	0.
302.96351912049545	4.437958700459639	0.
303.1302574359168	4.437958700459639	0.
303.2969957513381	4.437958700459639	0.
303.4637340667594	4.437958700459639	0.
303.63047238218064	4.437958700459639	0.
303.797210697602	4.437958700459639	0.
303.9639490130233	4.437958700459639	0.
304.13068732844454	4.437958700459639	0.
304.29742564386584	4.437958700459639	0.
304.4641639592872	4.437958700459639	0.
304.6309022747085	4.437958700459639	0.
304.79764059012973	4.437958700459639	0.
304.96437890555103	4.437958700459639	0.
305.1311172209724	4.437958700459639	0.
305.2978555363937	4.437958700459639	0.
305.4645938518149	4.437958700459639	0.
305.6313321672362	4.437958700459639	0.
305.7980704826575	4.437958700459639	0.
305.9648087980788	4.437958700459639	0.
306.1315471135001	4.437958700459639	0.
306.2982854289214	4.437958700459639	0.
306.4650237443427	4.437958700459639	0.
306.631762059764	4.437958700459639	0.
306.7985003751853	4.437958700459639	0.
306.9652386906066	4.437958700459639	0.
307.1319770060279	4.437958700459639	0.
307.2987153214492	4.437958700459639	0.
307.4654536368705	4.437958700459639	0.
307.6321919522918	4.437958700459639	0.
307.79893026771305	4.437958700459639	0.
307.96566858313435	4.437958700459639	0.
308.1324068985557	4.437958700459639	0.
308.299145213977	4.437958700459639	0.
308.46588352939824	4.437958700459639	0.
308.63262184481954	4.437958700459639	0.
308.7993601602409	4.437958700459639	0.
308.9660984756622	4.437958700459639	0.
309.13283679108343	4.437958700459639	0.
309.29957510650473	4.437958700459639	0.
309.4663134219261	4.437958700459639	0.
309.6330517373474	4.437958700459639	0.
309.7997900527686	4.437958700459639	0.
309.9665283681899	4.437958700459639	0.
310.1332666836113	4.437958700459639	0.
310.3000049990325	4.437958700459639	0.
310.4667433144538	4.437958700459639	0.
310.6334816298751	4.2780145545744706	0.0005416749786542125
310.8002199452964	4.2780145545744706	0.0005416749786542125
310.9669582607177	4.437958700459639	0.
311.133696576139	4.437958700459639	0.
311.3004348915603	4.437958700459639	0.
311.4671732069816	4.437958700459639	0.
311.6339115224029	4.437958700459639	0.
311.8006498378242	4.437958700459639	0.
311.9673881532455	4.437958700459639	0.
312.13412646866675	4.437958700459639	0.
312.3008647840881	4.437958700459639	0.
312.4676030995094	4.437958700459639	0.
312.6343414149307	4.437958700459639	0.
312.80107973035194	4.437958700459639	0.
312.96781804577324	4.437958700459639	0.
313.1345563611946	4.437958700459639	0.
313.3012946766159	4.437958700459639	0.
313.46803299203714	4.437958700459639	0.
313.63477130745844	4.437958700459639	0.
313.8015096228798	4.437958700459639	0.
313.9682479383011	4.437958700459639	0.
314.13498625372233	4.437958700459639	0.
314.30172456914363	4.257890640496672	0.00015089853302250632
314.468462884565	4.076224148150484	0.00026170808982462423
314.6352011999862	4.25629220811345	0.00011080955680211791
314.8019395154075	4.437958700459639	0.
314.9686778308288	4.2573801327157454	0.0005746118955466445
315.1354161462502	4.2573801327157454	0.0005746118955466445
315.3021544616714	4.437958700459639	0.
315.4688927770927	4.437958700459639	0.
315.635631092514	4.437958700459639	0.
315.8023694079353	4.437958700459639	0.
315.9691077233566	4.437958700459639	0.
316.1358460387779	4.437958700459639	0.
316.3025843541992	4.437958700459639	0.
316.46932266962045	4.437958700459639	0.
316.6360609850418	4.437958700459639	0.
316.8027993004631	4.437958700459639	0.
316.9695376158844	4.437958700459639	0.
317.13627593130565	4.437958700459639	0.
317.303014246727	4.437958700459639	0.
317.4697525621483	4.437958700459639	0.
317.6364908775696	4.437958700459639	0.
317.80322919299084	4.437958700459639	0.
317.96996750841214	4.437958700459639	0.
318.1367058238335	4.437958700459639	0.
318.30344413925474	4.437958700459639	0.
318.47018245467603	4.437958700459639	0.
318.63692077009733	4.437958700459639	0.
318.8036590855187	4.437958700459639	0.
318.97039740093993	4.437958700459639	0.
319.13713571636123	4.437958700459639	0.
319.3038740317825	4.437958700459639	0.
319.4706123472039	4.437958700459639	0.
319.6373506626251	4.437958700459639	0.
319.8040889780464	4.437958700459639	0.
319.9708272934677	4.437958700459639	0.
320.1375656088891	4.437958700459639	0.
320.3043039243103	4.437958700459639	0.
320.4710422397316	4.437958700459639	0.
320.6377805551529	4.437958700459639	0.
320.80451887057416	4.437958700459639	0.
320.9712571859955	4.437958700459639	0.
321.1379955014168	4.437958700459639	0.
321.3047338168381	4.437958700459639	0.
321.47147213225935	4.437958700459639	0.
321.6382104476807	4.437958700459639	0.
321.804948763102	4.437958700459639	0.
321.9716870785233	4.437958700459639	0.
322.13842539394454	4.437958700459639	0.
322.3051637093659	4.437958700459639	0.
322.4719020247872	4.437958700459639	0.
322.63864034020844	4.437958700459639	0.
322.80537865562974	4.437958700459639	0.
322.97211697105104	4.437958700459639	0.
323.1388552864724	4.437958700459639	0.
323.30559360189363	4.437958700459639	0.
323.47233191731493	4.437958700459639	0.
323.63907023273623	4.437958700459639	0.
323.8058085481576	4.437958700459639	0.
323.9725468635788	4.437958700459639	0.
324.1392851790001	4.437958700459639	0.
324.3060234944214	4.437958700459639	0.
324.4727618098427	4.437958700459639	0.
324.639500125264	4.437958700459639	0.
324.8062384406853	4.437958700459639	0.
324.9729767561066	4.437958700459639	0.
325.1397150715279	4.437958700459639	0.
325.3064533869492	4.437958700459639	0.
325.4731917023705	4.437958700459639	0.
325.6399300177918	4.437958700459639	0.
325.80666833321305	4.437958700459639	0.
325.9734066486344	4.437958700459639	0.
326.1401449640557	4.437958700459639	0.
326.30688327947695	4.437958700459639	0.
326.47362159489825	4.437958700459639	0.
326.6403599103196	4.437958700459639	0.
326.8070982257409	4.437958700459639	0.
326.97383654116214	4.437958700459639	0.
327.14057485658344	4.437958700459639	0.
327.3073131720048	4.437958700459639	0.
327.4740514874261	4.437958700459639	0.
327.64078980284734	4.437958700459639	0.
327.80752811826864	4.437958700459639	0.
327.97426643369	4.437958700459639	0.
328.1410047491113	4.437958700459639	0.
328.30774306453253	4.437958700459639	0.
328.47448137995383	4.437958700459639	0.
328.6412196953751	4.437958700459639	0.
328.8079580107964	4.437958700459639	0.
328.9746963262177	4.437958700459639	0.
329.141434641639	4.437958700459639	0.
329.3081729570603	4.437958700459639	0.
329.4749112724816	4.437958700459639	0.
329.6416495879029	4.437958700459639	0.
329.8083879033242	4.437958700459639	0.
329.9751262187455	4.437958700459639	0.
330.1418645341668	4.437958700459639	0.
330.3086028495881	4.437958700459639	0.
330.4753411650094	4.437958700459639	0.
330.64207948043065	4.437958700459639	0.
330.80881779585195	4.269752352545548	0.0007150756503099334
330.9755561112733	4.269752352545548	0.0007150756503099334
331.1422944266946	4.437958700459639	0.
331.30903274211585	4.271123583520538	0.001229030823338479
331.47577105753714	4.271123583520538	0.001229030823338479
331.6425093729585	4.437958700459639	0.
331.8092476883798	4.437958700459639	0.
331.97598600380104	4.270876007626913	0.0007537632029914088
332.14272431922234	4.270876007626913	0.0007537632029914088
332.3094626346437	4.437958700459639	0.
332.47620095006494	4.437958700459639	0.
332.64293926548623	4.437958700459639	0.
332.80967758090753	4.437958700459639	0.
332.9764158963289	4.437958700459639	0.
333.14315421175013	4.437958700459639	0.
333.3098925271714	4.437958700459639	0.
333.4766308425927	4.437958700459639	0.